1.643414008983262704e+02
1.826739868270846330e+02
1.742763187479569353e+02
1.655407003262830870e+02
2.307728562872805185e+02
2.157681950440256742e+02
2.293684981387621917e+02
2.331842060969006809e+02
1.918650071389780578e+02
1.766906823765911270e+02
1.468627630072826946e+02
1.907911414703284265e+02
2.125216539583855990e+02
2.278140311679264869e+02
2.245498978491646085e+02
1.977091311396395668e+02
2.525395769837776925e+02
2.178597043198790004e+02
1.890936394980210764e+02
1.719225635801290935e+02
2.507182065425853636e+02
2.082094964090915994e+02
2.294504772317487777e+02
2.521253764165038547e+02
2.340822155612313509e+02
2.381237193572556237e+02
1.912918306441933680e+02
1.481210346977275378e+02
2.187512421258566917e+02
1.715171871696205699e+02
2.506146836293894751e+02
1.826652910304907493e+02
2.525354715592472701e+02
2.483496618916384193e+02
2.207166449090517517e+02
2.513793507950033757e+02
2.484948262590771435e+02
2.035703213996445413e+02
1.722332422628684583e+02
2.377463082867318178e+02
2.509889327289089636e+02
2.525545768875187207e+02
2.526493518101900690e+02
2.309683066822562978e+02
2.273085818368941489e+02
2.320584178675706823e+02
2.516749197842539445e+02
2.510088214045436814e+02
2.434550861578012473e+02
2.416160303448580464e+02
2.520016728281262886e+02
1.702600049859223077e+02
2.493600972762833123e+02
2.523405678995951291e+02
2.123860486813958630e+02
2.420530148819951819e+02
2.535611269439111481e+02
2.387353997254896001e+02
2.524364801461256320e+02
2.067378172559019447e+02
2.363202375687562551e+02
2.532341163278020701e+02
2.514265537608127943e+02
2.534335830404687329e+02
2.529306306184834057e+02
2.531520103514941695e+02
2.517499780707900925e+02
2.433085366927664097e+02
2.454705498696124835e+02
2.529179463041934923e+02
2.530652650850535395e+02
2.524261190935502270e+02
2.466877992574796963e+02
2.454097091634120318e+02
2.522029904667061544e+02
2.523677772491922440e+02
2.513800050373352803e+02
2.482423528480687764e+02
2.475907734129423545e+02
2.494908015589932404e+02
2.530631256418787700e+02
2.533609866810776339e+02
2.530096365498221758e+02
2.492581195277245172e+02
2.529906700875312708e+02
2.529086266158496130e+02
2.530269336635572870e+02
2.524488599105925459e+02
2.534894230045543111e+02
2.538940887624968639e+02
2.537739381912252554e+02
2.537410837725340969e+02
2.537744590204348469e+02
2.535736804412396452e+02
