[[  2.60013524e+01   5.91780578e+01  -8.24314883e+01   5.53654629e+01
   -5.68580569e+00   1.50235475e+02]
 [ -3.09757714e+05  -6.24159791e+05  -1.43379339e+05   2.56987523e+04
    5.54969770e+04  -1.55901005e+05]
 [ -8.97393243e+04  -2.80121126e+04   1.58535762e+04   5.96851842e+03
   -3.60926449e+03  -1.12762434e+04]
 ..., 
 [ -2.25177008e+03  -3.96060090e+03   1.85922908e+03  -1.54122053e+02
    6.94823938e+02  -2.34781753e+03]
 [ -3.27852101e+03  -5.37035258e+03   3.24453482e+03  -2.04618693e+02
    1.06247001e+03  -3.39881964e+03]
 [ -2.33511819e+03  -3.69050524e+03   2.76300227e+03  -1.28308465e+02
    8.30501557e+02  -2.49237267e+03]]