1.050617136402527194e+02
1.006138127808633982e+02
1.028225619703777767e+02
9.458807719172195050e+01
9.430187813623923887e+01
8.095910849984555568e+01
1.149633381845740132e+02
8.997534610663672083e+01
9.408591887436733714e+01
1.116027067454654116e+02
1.239684607027019041e+02
8.169712147015574999e+01
1.130408831734858524e+02
1.115890085277051895e+02
1.158186114393971025e+02
8.496750392018201126e+01
1.051713176628206128e+02
1.173671640272573313e+02
1.053957237078285090e+02
4.935535685516276772e+01
1.286495944424437994e+02
1.200849682595972894e+02
1.157042811805850846e+02
1.391280164084844557e+02
1.265543415655265420e+02
1.233322247406434684e+02
1.288787665181234274e+02
1.092449550487382481e+02
7.862350766473629449e+01
9.834817588072718308e+01
1.387794975504749573e+02
1.686472563316292792e+02
1.140910137148535597e+02
1.352333360687534025e+02
1.063540277401388181e+02
9.831232340941726022e+01
1.259678768964841282e+02
1.659040311291767580e+02
1.158874842539544687e+02
1.085194058846905847e+02
1.882578296575515253e+02
1.249332712051157728e+02
1.596247712174821913e+02
1.240997663702800082e+02
1.266426826957175109e+02
1.495224953236491103e+02
1.086492951730402154e+02
1.442099826965969953e+02
1.139697961057757993e+02
1.562767349556471856e+02
1.326550112104272614e+02
1.093772021084337212e+02
1.289134087488230307e+02
1.457061595685061093e+02
8.757507819380525405e+01
1.325017438929624802e+02
1.367271300361337296e+02
1.225402004111083016e+02
1.327193500617297843e+02
1.790545812304222011e+02
1.471987126996695849e+02
1.652184714793024511e+02
1.285259534428376753e+02
1.625968207304071314e+02
7.565498261079012821e+01
1.205236631943012782e+02
1.617375828014673687e+02
1.560427148375252386e+02
1.740545315657112440e+02
1.860631657580766785e+02
1.708621800089412943e+02
1.474434683640775177e+02
2.018538784140349378e+02
2.238774504371002365e+02
1.898033430430362785e+02
1.840824387785445140e+02
1.651440582957269214e+02
9.672487981622987263e+01
1.496052173839089789e+02
1.987690071829077851e+02
9.403452546385234712e+01
1.899134776430392151e+02
1.212570358223664613e+02
1.668632842667643956e+02
1.628559863716148186e+02
1.854979028754760009e+02
9.551255733190974695e+01
1.835018181994597626e+02
1.222577178865719674e+02
1.708735917965204862e+02
1.792255566734943102e+02
