[[  1.54894414e+01  -5.91600766e+00   2.32956090e+01  -3.08759171e+00
    8.55170056e+00  -1.02089204e+01]
 [  3.51250015e+03  -3.23901477e+03   1.08812043e+04  -1.48523134e+03
    1.88404490e+03  -8.68767222e+03]
 [ -4.28837460e+03  -3.74660377e+03   7.39653609e+03  -4.84287496e+03
    9.81901632e+02  -9.37909013e+03]
 ..., 
 [ -1.09723626e+03   1.85204598e+03  -7.50872127e+02   9.99982377e+02
   -5.33565328e+02   2.53081824e+03]
 [ -1.76991618e+03   2.35279392e+03  -1.98246913e+03   1.42562017e+03
   -1.22610735e+03   2.57930853e+03]
 [ -3.00233534e+02   1.92029225e+03  -1.68061384e+03   1.00163877e+03
   -1.01282663e+03   1.40114962e+03]]