[[  5.61043162e+07  -3.47313267e+07   2.99659653e+07  -1.42707926e+06
    2.74637187e+07  -2.67222877e+06]
 [ -8.06245121e+06   7.92416183e+06  -6.61086735e+06   5.19900747e+05
   -5.26377250e+06   1.37115799e+06]
 [  2.33785058e+06  -4.40305868e+06   2.81070303e+06   6.01291197e+04
    2.04183519e+06  -1.15819864e+06]
 [ -9.03484043e+06   5.45949894e+06  -5.13226150e+06   5.04152031e+05
   -4.54772372e+06   5.26915406e+05]
 [  1.39965527e+06  -1.33568668e+06   1.19157823e+06  -1.00645492e+05
    9.30465899e+05  -2.06689230e+05]
 [ -4.35291531e+05   8.11243842e+05  -5.40444663e+05  -2.37411913e+04
   -3.88389808e+05   1.86187151e+05]
 [  3.22408181e+06  -1.87169118e+06   1.89744150e+06  -2.55204613e+05
    1.64510171e+06  -2.00308722e+05]
 [ -5.37399264e+05   4.91005848e+05  -4.65541004e+05   3.66794439e+04
   -3.59431368e+05   5.99924805e+04]
 [  1.84467430e+05  -3.27558525e+05   2.28848394e+05   1.84002689e+04
    1.64086066e+05  -5.80517767e+04]
 [  2.39649351e+04   7.85512576e+04   2.50517348e+04  -7.28906710e+04
    1.54684659e+04  -8.18777424e+03]
 [ -1.12302665e+02  -1.05739512e+04  -4.75404460e+03   8.54627920e+03
   -1.49287332e+03   1.09313478e+03]
 [ -2.05044838e+03   2.62354958e+03   2.03250028e+03  -7.77342505e+02
   -2.33565442e+02  -2.21882442e+02]
 [ -4.59518363e+03  -1.03359812e+04  -3.56331500e+03   7.50123802e+03
   -1.94359559e+03  -1.71266859e+02]
 [  7.21090705e+02  -1.12392239e+03   6.05722513e+02   1.05443805e+03
    2.85856174e+02   2.12400194e+02]
 [ -1.58732153e+01   1.14580546e+03  -3.71156802e+02  -9.26027923e+02
   -9.05556484e+01  -3.53665880e+01]
 [  2.38611690e+03   1.56729824e+03   1.52351075e+03  -1.36516354e+03
    9.95137457e+02   1.33685633e+02]
 [ -6.54711048e+02   2.02989239e+03  -4.60855238e+02  -1.20556926e+03
   -3.57492797e+02  -1.42947706e+01]
 [  2.26498188e+02  -1.33377896e+03   2.68261879e+02   7.86688673e+02
    1.82549911e+02  -2.32952085e+01]
 [ -3.14555005e+04  -2.39690194e+05   2.43568667e+05   3.86928527e+05
   -2.62771771e+04  -4.85365748e+04]
 [ -3.35302038e+04  -1.12683175e+05  -1.13374089e+04   9.98913266e+03
   -1.70676461e+03  -4.71949592e+04]
 [  5.53288576e+04   4.72589705e+04  -2.06749713e+03  -3.45863918e+04
    1.66322015e+04   1.62448552e+04]
 [ -7.39480918e+02   3.04739417e+04  -2.50065382e+04  -1.39914956e+04
   -8.72254885e+03   7.73830392e+03]
 [  6.30910932e+03   4.21456360e+04  -1.58975501e+04  -1.53042175e+04
   -3.57133876e+03   1.73089099e+04]
 [ -1.58710573e+04   1.20736254e+04   1.35305137e+04   6.34233188e+03
   -8.79706102e+02   8.12934613e+03]
 [  4.10975591e+02  -3.58602410e+03   3.22770822e+03   1.86648694e+03
    1.18265711e+03  -6.68521910e+02]
 [ -1.06458745e+03  -2.17752718e+04   1.17359900e+04  -1.32789398e+03
    7.37210207e+03  -8.09624204e+03]
 [  6.64603602e+03  -4.14921486e+04  -8.46745057e+03   6.21068307e+03
   -1.47580883e+03  -2.52575559e+04]
 [ -5.29343456e+05  -5.02892897e+05   5.55616556e+05  -2.01773972e+05
    1.90250078e+05  -3.60075514e+05]
 [  2.39047321e+05  -3.04396460e+04   1.53418722e+05  -8.21000805e+04
    1.67150478e+05   1.17532881e+05]
 [  4.45730390e+05   4.92635850e+05   2.55759452e+05   8.61703077e+04
    4.58620339e+04   2.03095343e+05]
 [  6.99593898e+04   6.41915632e+04  -6.36293573e+04   1.15728506e+04
   -1.38290613e+04   5.25954262e+04]
 [ -2.42596839e+04   2.51885612e+04  -3.34161220e+04   2.25834397e+04
   -3.39383345e+04  -1.03938380e+04]
 [ -1.15027227e+05  -1.11116648e+05  -8.93519819e+04   1.09868117e+03
   -3.10537193e+04  -4.83947065e+04]
 [ -2.12541706e+04  -1.48657169e+04   1.86513705e+04  -9.62105663e+02
    1.47122187e+03  -1.64459905e+04]
 [  4.77795945e+03  -1.74557272e+04   8.35826791e+03  -6.40894253e+03
    1.12725559e+04   9.27985665e+02]
 [  5.57862884e+04   5.13706555e+04   6.73759324e+04  -1.80396889e+04
    2.89361416e+04   2.08154076e+04]
 [ -9.46044262e+03  -2.54203235e+04  -3.27283270e+03   1.14063463e+04
    1.75490118e+03   4.88225662e+03]
 [  1.23905375e+03   5.93568917e+03   1.00287360e+03  -2.74404799e+03
   -5.06439368e+01  -1.92179526e+02]
 [ -3.63140430e+02  -1.50400686e+03  -5.58272919e+02   9.90614844e+02
   -1.75999668e+02   2.70677943e+02]
 [  7.25920804e+02   2.76884197e+03  -1.05558585e+02  -1.33131942e+03
   -3.87266281e+02  -5.87370084e+02]
 [  1.71219886e+02   2.08187458e+02  -1.16919226e+02   2.02926536e+00
   -7.80226465e+01   2.93206711e+01]
 [ -4.82666268e+01  -1.32669027e+03   1.17431526e+02   3.03837572e+02
    1.38069822e+02  -4.52474250e+02]
 [ -5.76428114e+01  -2.44702200e+02   1.77558127e+02   2.14057362e+02
    1.11162145e+02   2.16086092e+02]
 [ -1.58169249e+02  -7.82019934e+02   9.42717504e+01   2.34568796e+02
    1.04183065e+02  -1.10141005e+02]
 [  2.35511755e+01   1.47272229e+03  -9.17089832e+01  -2.57807810e+02
   -1.25077595e+02   6.15035847e+02]
 [ -1.90415796e+04   2.57798381e+05  -1.80047526e+04   4.31804863e+04
   -5.18368689e+04   1.19817735e+05]
 [ -2.29928975e+03  -3.84259684e+04  -4.39552008e+03   2.32492507e+03
    3.17499344e+03  -1.08915701e+04]
 [  9.70782363e+02   6.87065198e+03   5.81937688e+03  -3.93589509e+03
    1.75207045e+03  -1.73971220e+03]
 [  1.18901616e+04  -4.25108828e+04   4.74900354e+03  -1.61847970e+04
    1.13613398e+04  -2.73439215e+04]
 [  2.67749235e+03  -6.45650810e+03   5.41444476e+03  -3.37697991e+03
    2.66581411e+03  -7.77573781e+03]
 [  1.28942547e+02   1.10407330e+04  -5.17637971e+03   2.40121435e+03
   -2.77820670e+03   8.75675416e+03]
 [ -3.23067570e+03   8.97874458e+03  -4.83976147e+02   2.72098313e+03
   -2.30474640e+03   5.15798957e+03]
 [ -3.00325570e+03   1.13857569e+04  -4.00632235e+03   7.28668089e+03
   -3.76600883e+03   1.11770863e+04]
 [  1.11715181e+03  -5.46802962e+03   3.35490399e+03  -3.13955037e+03
    2.56158404e+03  -4.17030841e+03]
 [  2.28534965e+05  -1.72557649e+04  -2.52532890e+06  -2.81286762e+04
   -5.06813984e+05   3.27955978e+05]
 [ -2.88557938e+04   1.52860407e+05  -8.70510968e+04   8.05841907e+03
   -1.85417287e+04   1.58303846e+05]
 [  1.02523605e+05   6.50421807e+04  -1.45172723e+04   3.91546031e+04
    3.29839828e+03   6.81719276e+04]
 [ -5.40861097e+03   3.94292505e+04   2.69941462e+05   9.29106545e+03
    5.97289463e+04   8.84678094e+03]
 [ -3.62840400e+03  -3.22579899e+04   9.71039008e+04  -6.18007038e+02
    1.79709024e+04  -4.74983139e+04]
 [ -3.85901952e+04  -4.67649533e+04   1.34613995e+04  -1.57479578e+04
    5.37702538e+02  -4.55721864e+04]
 [  2.56294087e+02  -1.62696503e+04  -6.25467074e+04  -2.69815588e+03
   -1.53374128e+04  -1.22022245e+04]
 [ -5.62063641e+03   3.02886526e+03  -4.49711487e+04  -2.36711544e+03
   -9.13615378e+03   1.06673947e+04]
 [  4.26398750e+04   5.37134505e+04  -6.10933862e+04   1.37305553e+04
   -8.48268547e+03   6.04694553e+04]
 [ -1.21736538e+05  -2.96081526e+04   2.04938674e+03  -1.87371222e+03
   -2.98017861e+04  -5.08394939e+04]
 [  2.52682453e+03  -7.02203448e+02  -3.47190610e+03   1.12887744e+03
    3.51256397e+02   2.83798430e+03]
 [  2.30475664e+03   1.55764022e+03   2.69943943e+03  -5.21942246e+02
    8.88459946e+02  -6.20319856e+01]
 [  2.29309701e+04   2.68906084e+03   4.26095957e+02  -5.22034952e+02
    6.20216443e+03   6.78202193e+03]
 [  3.77549866e+03   2.48694777e+03   1.45498213e+03  -3.81929712e+02
    9.20067110e+02   1.32394237e+03]
 [ -2.27879164e+03  -1.46307136e+03  -1.37399079e+03   2.27176559e+02
   -6.98705895e+02  -6.62282147e+02]
 [ -5.46760184e+03   4.18110115e+03   1.91301867e+03  -3.36951177e+02
   -1.73308548e+03  -3.74825823e+02]
 [ -5.50342445e+03  -3.65660131e+03  -2.27027064e+03   7.34072524e+02
   -1.43290572e+03  -1.68326586e+03]
 [  1.99489303e+03   1.72446591e+03   2.04351902e+03  -4.11965344e+02
    7.54042133e+02   3.16782391e+02]
 [ -6.81041544e+06   6.37384947e+06  -2.74195782e+06   8.13541973e+05
   -3.03864493e+06   2.75772167e+06]
 [  1.38260346e+06  -1.16432341e+06   5.91267841e+05  -1.33150855e+05
    6.21679386e+05  -4.50851397e+05]
 [ -5.26711927e+05   4.13703519e+05  -2.45348084e+05   4.04351012e+04
   -2.42199950e+05   1.43549859e+05]
 [  4.03716986e+06  -3.16075662e+06   1.91337078e+06  -4.27553663e+05
    1.73491410e+06  -1.54703179e+06]
 [ -1.05163760e+06   6.62676743e+05  -5.25983213e+05   7.83546671e+04
   -4.63062400e+05   2.46861760e+05]
 [  4.52810472e+05  -2.51591398e+05   2.49411400e+05  -2.36746187e+04
    2.07127083e+05  -7.16976147e+04]
 [ -7.85607283e+06   4.09232230e+06  -4.79702591e+06   6.20818442e+05
   -3.56155024e+06   1.68228884e+06]
 [  2.50643955e+06  -9.49484251e+05   1.52736204e+06  -1.31604877e+05
    1.13974313e+06  -1.97757275e+05]
 [ -1.16181570e+06   3.66420484e+05  -7.81951047e+05   3.77763308e+04
   -5.51335744e+05   1.94963650e+04]]