[[  1.92736831e+02   1.09420049e+03   8.85790856e+02  -2.85576136e+02
    2.26041724e+01  -1.95945173e+02]
 [  8.06693690e+04   3.08527617e+04   7.25196251e+04  -1.09828030e+04
    3.27573404e+04   6.88819563e+03]
 [  6.05334467e+04   1.17472374e+04   5.50291925e+04  -8.58967144e+03
    3.08527179e+04   6.30965843e+03]
 ..., 
 [  9.33693458e+04  -9.44288447e+04   8.39798459e+04   3.73788472e+04
    4.98842717e+04  -3.52682104e+03]
 [  1.78549651e+05  -1.40343526e+05   8.60560740e+04   4.62257152e+04
    7.19516546e+04  -9.35707934e+03]
 [  2.64053719e+05  -2.32328062e+05   7.21607612e+04   5.58647129e+04
    9.15622636e+04  -4.00913319e+04]]