[[ -2.86708081e+03   1.23996907e+03  -4.76237247e+02  -4.40050169e+02
   -5.84337527e+02   5.19805493e+02]
 [ -6.69213769e+03   6.97034976e+00   1.30056957e+04   7.93878322e+02
    2.36358374e+02  -7.02351054e+03]
 [ -2.21875542e+04   3.24379293e+03   1.72948672e+04   1.05912794e+01
    1.38511901e+03   8.16606475e+02]
 ..., 
 [ -4.85870017e+04   4.39577467e+04  -1.41620398e+04   1.43325094e+04
   -1.88812062e+04   3.01502628e+04]
 [ -7.53671204e+04   2.28120273e+04  -1.58767208e+04   2.15656118e+04
   -2.55465994e+04   1.73065621e+04]
 [ -1.14455445e+04  -1.74616135e+04   1.96081189e+04   2.97262262e+03
   -5.43998708e+03  -3.20940449e+04]]