[[ -2.49766888e+05  -5.89059057e+05  -3.80173322e+05  -2.27116407e+05
    2.98523368e+04  -2.21220410e+05]
 [  1.76821210e+05   4.61510545e+05   2.93612801e+05   2.76515498e+05
   -1.15702655e+04   3.24794194e+05]
 [ -2.13194488e+04  -3.01561932e+05  -1.26304261e+05  -2.01087796e+05
    3.16784816e+04  -2.60829338e+05]
 [  8.63195927e+04   2.81396255e+05   1.77712038e+05   1.05401426e+05
   -1.71965652e+04   1.12872187e+05]
 [ -4.00413078e+04  -2.25870990e+05  -1.28529635e+05  -1.23188064e+05
    1.43262673e+04  -1.55663199e+05]
 [ -2.32505432e+04   1.52076832e+05   4.68942443e+04   9.17834250e+04
   -2.56732870e+04   1.23643092e+05]
 [ -3.52144757e+04  -2.05023613e+05  -1.21454726e+05  -7.64157864e+04
    1.72930654e+04  -8.75440820e+04]
 [ -5.95829294e+03   1.69178294e+05   8.01064060e+04   8.60634984e+04
   -1.96736755e+04   1.14273642e+05]
 [  4.48565652e+04  -1.18195149e+05  -2.04579176e+04  -6.58969321e+04
    2.89399822e+04  -9.01405192e+04]
 [  4.90084813e+03  -3.53605248e+02   1.38976606e+03  -3.71728054e+02
    1.58877641e+03   3.64167548e+02]
 [ -3.33726815e+03   5.17913335e+02  -6.44600478e+02   4.91260950e+02
   -1.04155991e+03   7.76967192e+01]
 [  1.79317790e+03  -4.08872514e+02   3.05510838e+02  -3.99867886e+02
    5.50590659e+02  -2.71618573e+02]
 [ -1.17662717e+03  -5.62018324e+01  -2.82506560e+02   1.32031126e+02
   -3.54192002e+02  -1.23185260e+02]
 [  7.53291535e+02   4.44059567e+01   9.70536007e+01  -1.98112328e+02
    1.95996464e+02  -4.46246679e+01]
 [ -3.79081244e+02  -6.80273419e+01  -5.02512393e+01   1.95252987e+02
   -9.42050977e+01   9.53604388e+01]
 [  4.00586401e+02   9.28644626e+01   2.91203467e+01  -6.06945328e+01
    9.58833648e+01   7.41092148e+01]
 [ -2.34450724e+02  -9.87124919e+01   5.99394111e+01   9.51208105e+01
   -1.95957342e+01   1.67837225e+01]
 [  1.21264699e+02   1.07785734e+02  -5.98888859e+01  -9.71840614e+01
   -1.28421023e+01  -4.92121084e+01]
 [ -1.31113635e+03   5.31040134e+00  -4.38644737e+02  -1.24338257e+02
   -4.09869833e+02  -3.03940972e+02]
 [  1.11073532e+03  -5.72383245e+02   4.70902806e+02   4.21508700e+00
    4.11430224e+02  -1.84644589e+02]
 [ -5.03397158e+02   4.44317027e+02  -7.00292584e+01   2.14189275e+01
   -1.91794800e+02   1.24989608e+02]
 [  6.65575529e+02  -4.90890620e+02   3.61655864e+02  -4.84029705e+01
    2.76797253e+02  -2.67655496e+02]
 [ -5.60260738e+02   8.07839836e+02  -3.05512695e+02   8.35602869e+01
   -2.68641086e+02   4.71331712e+02]
 [  2.91465747e+02  -4.92272932e+02  -1.94893831e+00   7.61625138e+01
    1.29918436e+02  -7.83666345e+01]
 [ -8.54328757e+01   2.53309854e+02  -5.63504673e+01   7.16252873e+00
   -7.00677624e+01   9.79147982e+01]
 [ -1.11016337e+02  -3.84612854e+02  -3.94820380e+01   1.62611159e+00
    3.89996802e+01  -1.08312779e+02]
 [  2.52722711e+02   2.74910493e+02   1.51129844e+02  -8.85133605e+01
   -9.58114848e+00  -1.31737310e+02]
 [ -9.55461782e+03  -3.28750740e+04   4.28858850e+03   1.79165451e+03
    9.25633731e+03  -3.27877632e+03]
 [ -9.98941933e+03   1.61529832e+04  -1.62754168e+04  -5.64535849e+03
   -6.79021100e+03   8.19112021e+03]
 [ -3.40623875e+03   2.26596461e+03   1.50988290e+04  -7.49024264e+02
    1.13667744e+03  -7.33990856e+03]
 [  1.44756128e+03   1.48082239e+04  -4.69660080e+03  -1.79855079e+03
   -4.61953949e+03   2.63130147e+03]
 [  6.18710682e+03  -5.28199317e+03   1.10250625e+04   3.15044184e+03
    2.98557409e+03  -5.15004467e+03]
 [  5.52424226e+03  -4.58542355e+03  -9.38000960e+03   2.29803046e+03
    3.10207344e+02   4.97811884e+03]
 [ -3.61289944e+02  -9.52284083e+03   5.45964843e+03   1.37349760e+03
    3.33412335e+03  -2.73290027e+03]
 [ -2.63717709e+03   1.08694382e+03  -1.04458808e+04  -1.36600323e+03
   -1.64795690e+03   4.89735954e+03]
 [ -1.09126251e+04   7.05811514e+03   8.23422798e+03  -5.03528265e+03
   -1.31493075e+03  -5.23465241e+03]
 [ -1.71332841e+02   8.96635870e+02   8.66154245e+01   2.75578589e+02
   -2.08733693e+02   4.24270517e+02]
 [  4.04034124e+01  -3.28544989e+02  -6.36866965e+01  -2.56243353e+02
    1.62161503e+02  -6.34849883e+01]
 [  7.90384695e+01   1.26230272e+02   9.54060476e+01   2.41944740e+01
   -1.81405233e+01  -3.63917431e+01]
 [ -9.03344874e+01  -4.24858288e+02  -2.20166596e+02  -7.79459861e+01
    4.52185997e+01  -6.93559017e+01]
 [  1.50649977e+02   1.09257111e+02   2.01065904e+02   4.05128949e+01
   -1.66921233e+01  -1.40574308e+02]
 [ -7.20105202e+01  -8.04577042e+01  -1.78483014e+02   8.34597362e+01
   -4.90921062e+01   7.24068210e+01]
 [  1.37931278e+02   3.48160705e+02   3.41317332e+02  -5.20595016e+00
    1.58363857e+01  -3.09233898e+01]
 [ -1.51809402e+02  -1.32760663e+02  -3.56740369e+02   6.63965601e+01
   -5.02081485e+01   1.82067622e+02]
 [ -1.81483711e+01   1.92296755e+02   3.06918482e+02  -1.22778726e+02
    9.62698426e+01   3.21041175e+01]
 [  3.11961914e+02   3.80223886e+01   3.24071783e+02   6.01015514e+00
    1.50154432e+02   4.38692018e+01]
 [ -2.67175766e+02   9.40591183e+01  -2.35189993e+02  -2.64076291e+01
   -1.23122156e+02   1.53628181e+01]
 [  1.20621830e+02  -8.73394251e+01   1.26114767e+02   1.58837361e+01
    6.80876138e+01  -2.02163220e+01]
 [ -1.89320013e+02   8.68117313e+01  -2.45823527e+02  -6.00403564e+00
   -1.15712363e+02   2.88135458e+01]
 [  1.75079626e+02  -2.61930783e+02   2.11107616e+02   2.93668139e+01
    1.14121615e+02  -1.07985501e+02]
 [ -2.37092477e+00   1.93198642e+02  -1.06990587e+02  -1.97355490e+01
   -5.56687018e+01   6.83419581e+01]
 [ -1.20786929e+02  -1.14698383e+02   6.65951794e+01   9.29743541e+01
    4.87084333e+00   2.07338145e+01]
 [  2.43365096e+02   3.48310080e+02  -3.25275877e+01  -2.08546088e+02
    2.07814040e+01   3.01531171e+01]
 [ -2.90011181e+02  -2.31415104e+02  -2.56826174e+00   2.51171773e+02
   -4.21944918e+01   8.92406041e+01]
 [ -7.74350240e+03  -2.10165390e+04  -1.85216624e+04  -4.78949154e+03
   -7.33730117e+02  -8.32349230e+03]
 [  6.67397683e+03   1.92676992e+04   1.22626169e+04  -2.81362183e+03
    2.62402263e+03   7.76253227e+03]
 [ -3.12274760e+02   3.57847425e+03  -4.20659642e+03   1.11162545e+03
   -2.05359049e+03   1.66347718e+03]
 [  4.08168881e+03   1.21434739e+04   8.63948265e+03   6.93553445e+02
    8.97104765e+02   5.26820782e+03]
 [ -2.60747587e+03  -7.49450318e+03  -4.71084914e+03   2.85604165e+03
   -1.90017014e+03  -3.37888116e+03]
 [ -1.55023805e+03  -8.64762596e+03   3.43888635e+02  -1.72897546e+02
    1.27843238e+03  -3.23731514e+03]
 [ -2.77703972e+03  -7.94706357e+03  -5.70508942e+03   1.47554059e+02
   -1.02084851e+03  -3.85807179e+03]
 [  6.43996209e+02   4.13178842e+01   1.91616308e+03  -2.13639412e+03
    1.75210609e+03   6.50276656e+02]
 [  3.36880894e+03   1.66235787e+04   1.69672904e+03  -1.84034321e+03
   -9.27169545e+02   6.04436350e+03]
 [ -2.51581884e+03   2.56481181e+03   3.16327519e+02   4.17765515e+02
   -1.10202050e+03   6.85483012e+02]
 [  8.97426518e+02  -1.56031147e+03   4.77012623e+01  -7.27712347e+00
    5.12330962e+02  -3.78470857e+02]
 [ -1.46764189e+02   4.48254528e+02  -6.49148426e+01  -3.77794998e+01
   -1.25912517e+02   1.07101886e+02]
 [  1.31490610e+03  -2.03918028e+03  -4.16686181e+01  -2.32416103e+02
    7.39742148e+02  -5.83804127e+02]
 [ -3.09670793e+02   1.15172531e+03  -1.72869024e+02  -1.16748664e+02
   -2.95455106e+02   2.74630639e+02]
 [ -8.76478323e+01  -1.77032651e+02   1.00462264e+02   7.91507226e+01
    1.57935919e+01  -4.70119126e+01]
 [ -9.28687093e+02   2.22522262e+03  -3.27729104e+01   5.03814385e+01
   -6.29768608e+02   6.71792530e+02]
 [ -4.17127958e+01  -9.59311057e+02   2.38269569e+02   3.34964353e+02
    1.18295630e+02  -2.20025362e+02]
 [  3.30356078e+02  -2.68990509e+02  -1.00303832e+02  -1.25972424e+02
    1.59868817e+02   1.27674451e+00]
 [ -3.26120086e+03   3.70727385e+03  -1.95392151e+03   5.54030071e+02
   -1.37269372e+03   2.84867699e+03]
 [  1.64150550e+03  -1.92492399e+03   9.83312960e+02  -2.65183645e+02
    7.25964227e+02  -1.39346065e+03]
 [ -6.75083891e+02   8.39231834e+02  -4.27876955e+02   1.16641312e+02
   -3.21430974e+02   5.78040792e+02]
 [  3.54335215e+03  -5.05750025e+03   1.96685706e+03  -5.39075632e+02
    1.65438440e+03  -3.36032439e+03]
 [ -2.05327755e+03   2.91007449e+03  -1.04683173e+03   1.89181584e+02
   -9.79000220e+02   1.70742359e+03]
 [  1.04794824e+03  -1.47486734e+03   5.77207226e+02  -1.24430283e+02
    5.27471134e+02  -8.43963429e+02]
 [ -6.71262913e+03   1.03330296e+04  -2.64307355e+03   6.24592080e+02
   -3.14475230e+03   5.77693703e+03]
 [  4.98197921e+03  -7.15979565e+03   1.63399630e+03  -8.11027001e+01
    2.31322091e+03  -3.35705530e+03]
 [ -3.22125943e+03   4.44139090e+03  -1.36742134e+03   3.16986832e+02
   -1.58606700e+03   2.23640465e+03]]