[ 298.72483564  295.83047552  295.0828683   296.61994424   -8.40232351
  294.13352129  297.89138084  295.68821779  297.30753892  296.61406143
  296.52411271   -8.25674354  294.79236438  295.4971232    -4.41316376
   46.24167247  294.93657227  296.35242021  297.23589589  295.77342519
  294.86397776  297.54631163  294.84222661  294.87496553  297.63320455
  295.79811489  295.96338175   -9.56655594  295.83548123  296.06197272
  295.98270096  296.36026309  294.89385386  295.83165701  297.44144731
  295.70723431  296.45022396  295.33256974  296.87540697  295.46817952
  295.77989385  295.75684233  185.53181947  296.1561041   295.73068664
  295.76325464  297.04280435  -32.2635833   -32.58684069  296.10428381
  296.30427486  295.40411787  294.95046897  296.15313094  296.80185502
   -5.4261184   295.43629463  295.21525652   -5.85536795  296.62727981
  294.51834088  297.4533157   296.30390968  295.11924596  296.83164697
  297.24302814  295.68122168   -4.03286549  295.5046227   296.84515184
  295.5731505   266.33962532  295.23078074  295.05570938  294.77709184
  -10.27604713  195.17787471   -5.14892498  297.11908161  -75.27788097
  295.43613766  295.34559595  296.22613514  -33.54325591  295.80562199
  296.25157592  296.40726493  297.66006669  296.39751937  155.65781453
  256.53625293  -18.72257972  294.88586989  295.11813984  296.35764006
  295.71802854  295.71786838  295.40519572  -16.80326783  -25.43058712
  295.40744395  295.56654782  296.83345637  295.80907291  297.00073278
  296.6003818    -4.64042347  295.41739953  296.42588761  295.9072259
  295.38567668  295.23544957  123.7331602   294.79519523   -4.14956989
  297.81867505   -6.18926244  295.85955448  298.46913371  297.14596282
   -4.81824062  295.16670131  295.64829005   -4.46197415  295.16238337
   86.18837765  296.25644726  296.24028157  296.31934204  294.93848553
  295.17542751  296.13072254  294.94080836  -10.45721629  296.26432769
  -11.97051001  295.09097204  296.00171042  295.37521374  166.19422703
  297.10262388  295.3311287   295.86264786  296.53546204  295.329034
  295.90718938   -6.20700403  -16.39908186  298.01667235  -13.52885789
  296.82581821  296.11007057  295.66932278  295.56760248  295.33616108
  296.44054072  297.68009578  296.00361764  296.00013892  297.30683133
  296.26649167  295.65493104  296.10466446  294.98862     295.44871603
  295.25222044   -6.77530196  295.70839475  295.82795544  286.11158014
  295.70983701  295.71023198  295.75551823  295.74249813  298.42190024
   -5.81779005  296.41070664  295.98986118  186.75266159  295.01217949
  295.41975403  295.0637924   295.26269079  298.14660013  295.72963256
  -11.12598113  294.60918886  296.0733614   296.13679762   -4.85535001
  293.52159818   -1.87850281  -38.12495507  294.77572963  295.32852815
   -8.38325082  297.11218482  287.00493877  295.54474186  253.48170621
  294.93592092  294.79689184  297.2537497   295.34724493  295.41333374
  295.26234545  295.75328038   -9.85429206  295.79325742  274.39658737
  295.20121194  295.44721316  296.95155301   -8.49937852  295.29952333
  297.71603359  296.2707879   297.98516311  295.14720209  297.14810665
  296.40199874  215.67531736  296.06909444  296.88673519  295.51056419
  297.81025952  295.04656286   -3.75831326  295.26340184  295.32667451
  -26.65041607  295.74716788  295.30508652  295.66567302  297.93776341
  296.14769035]