-2.671090808742433786e+06 -6.622384749609757215e+06 -2.661157563179306686e+06 -9.188844306732602417e+05 5.361602659798413515e+04 -2.793456427681578323e+06
-8.386392025900837034e+05 2.770115732799086254e+06 -1.252276703014983796e+05 8.227832245782157406e+05 -6.747381604464021511e+05 1.743137295939680655e+06
1.485110782764970325e+06 -1.616979929023942910e+06 8.291011884227052797e+05 -2.734929975320139783e+05 7.299500263410224579e+05 -9.065389194904906908e+05
8.197816882975846529e+05 3.880734564158637077e+06 1.136466041425619274e+06 7.007211358729861677e+05 -2.639281562782265246e+05 1.844833482536525466e+06
9.161510122507382184e+05 -1.646239123271396849e+06 3.217085107047681231e+05 -4.754693107129870914e+05 5.339768103073779494e+05 -1.041050317923609982e+06
-1.160176691640799865e+06 9.714142761644361308e+05 -6.776074416287387721e+05 1.024753875041474239e+05 -5.318832098722490482e+05 4.846300660744889174e+05
-7.088307105983048677e+04 -2.885771486866781022e+06 -5.285916467883475125e+05 -5.890891693805740215e+05 3.670773435311764479e+05 -1.468566386748038232e+06
-1.001520927356434986e+06 1.234498347236034926e+06 -4.378998030122243799e+05 3.203619988784870948e+05 -5.049895402123960666e+05 7.525650305042132968e+05
1.086200505038897041e+06 -7.368071001320284558e+05 6.626728863117818255e+05 -7.095282228125783149e+03 4.792141512864744291e+05 -2.938538594336584210e+05
9.425819427985465154e+03 9.119784514614806540e+03 2.228073761140229180e+03 2.303990117944314989e+03 1.168592109727207571e+03 6.889011740355308575e+03
-4.509750541129033081e+02 -4.064676687263972781e+03 1.336356089163353317e+03 -9.735185623743491306e+02 9.679387207990512252e+02 -2.486274360929623072e+03
1.144187008241831791e+03 1.668983210591597526e+03 -2.696099187136278488e+02 -1.262509595849878679e+03 2.592275322345230961e+02 3.501394247545886174e+02
-2.649873385994054843e+03 -4.873009019481670293e+03 -3.887316191013596836e+02 -6.942378443135694397e+02 -2.351580644943896914e+01 -3.157225804931508719e+03
-2.354796498709038133e+02 2.118522929899337214e+03 -7.232710549036200973e+02 -8.086801408838437055e+01 -5.357831853655334271e+02 8.119200543281181126e+02
-7.980154263757285662e+02 -1.125992668476932522e+03 -1.097852618002289091e+02 1.266092696861334844e+03 -2.983366555328248069e+02 1.002009962196225388e+02
1.026204393893436645e+03 3.048718113513101798e+03 -2.379314396831068734e+01 1.644943317903907882e+02 -1.303387332890870312e+02 1.779495171934656810e+03
5.688291382910438188e+01 -1.272369014880876193e+03 3.873229442172147969e+02 4.022857762459718174e+02 2.455658905240280205e+02 -2.401095963431632754e+02
1.079918963777396129e+03 8.371731196661685317e+02 3.170347552486200584e+02 -1.262400704046425744e+03 4.060839124125413946e+02 -3.120152730345125747e+02
-1.188056132730469108e+04 -2.077953511676890776e+04 1.400944118610350415e+03 -2.643654620226123370e+03 1.107553986647573765e+03 -1.263696935940909316e+04
-1.409385353454854339e+03 7.989530163871982950e+03 -6.138057114122202620e+03 1.981906401086162077e+03 -4.144039862664416432e+03 2.958253099544730503e+03
-9.550606629292014986e+02 -1.348678313710603106e+03 1.818478785732237156e+03 4.280165799626076478e+03 -7.170917586530558765e+02 6.020107787431406905e+02
1.383101126163150184e+03 2.569090546811537934e+03 -2.127819847779173870e+03 -2.945557364314809092e+02 -1.054035378926550038e+03 7.955858487277146196e+01
2.826876548457890749e+03 1.381849353798599623e+03 3.516295660070609301e+03 1.126572973292524694e+03 1.673362395917240065e+03 2.749135717654258769e+03
5.000624961652792990e+02 -3.229395461924577830e+03 7.511645580978365615e+02 -4.880925599674956175e+03 2.662878948006778955e+03 -1.585420903982419986e+03
1.285512515685695689e+01 -2.882738468215293324e+02 6.592968640801300353e+02 1.166353468108109155e+02 2.598751092589809559e+02 4.236668540223672608e+01
-1.407365656757494435e+03 -8.198412954996565531e+02 -3.472418763177993242e+02 -2.429680233343606233e+02 6.360745899738685694e+01 1.223661472946259892e+02
-1.939783099324442446e+03 1.693270468781993259e+02 -5.203812570376438089e+03 8.995555184656986967e+02 -4.364798033433849923e+03 -5.469038789662154159e+03
-5.119903859752230346e+04 -4.112801141949553858e+04 -6.704900510727486107e+03 -1.018317018374960753e+04 1.286171854032162810e+04 2.885150140435245703e+03
3.145916725985356607e+03 1.541453194881642048e+04 -9.022312394770713581e+03 -5.602109796450085923e+03 -3.369282445304161229e+03 6.369965035625004020e+03
-7.628412677999003790e+02 1.855242366624904389e+04 2.011401273180519638e+04 -1.299790024513600656e+03 3.858573076867323834e+02 -1.683975101613306833e+03
2.214393992850754876e+04 2.633575900487764375e+04 -2.162497691872908035e+03 1.537388189806471928e+03 -7.615284275985439308e+03 2.156701270702367765e+03
2.079440208704094402e+03 -5.943866433641886942e+03 1.063197125297514322e+04 5.637849424014823853e+03 1.542136729423322322e+03 -4.924507648815872017e+03
2.976003570012981072e+02 -2.147481148518074770e+04 -1.844586837393949099e+04 3.336258642291209981e+03 1.941007017748997896e+02 1.216000011740565242e+03
-1.290361776466516312e+04 -1.670554647864658909e+04 7.199866415116339340e+03 4.108501297372786212e+02 5.453322651081194635e+03 -3.352154625804163516e+03
-2.424905735711185116e+03 -2.556278441916961128e+03 -1.310719102107388971e+04 -3.740391959450994364e+03 -6.058645687244506917e+02 3.921011718980250407e+03
-2.709304295535082929e+03 3.041796001783317115e+04 2.049497009602309845e+04 -8.327130541055063077e+03 -5.732390050978719955e+02 -8.433376917099121783e+02
-2.983474277540663024e+02 7.094011304811019727e+02 8.919993366542803415e+02 -2.655846961870702216e+02 1.548993170668072707e+02 9.529012730881004245e+01
1.664356494990170177e+01 1.352732485241792801e+02 -2.538002959074585192e+02 -5.208456822391969609e+01 1.022744349764744243e+01 2.600558243659240816e+02
2.580184201680822298e+00 -1.003751191957521769e+02 1.531729442942978494e+02 -3.784957891402882524e+01 4.416969138371860026e+01 -1.223049666012730086e+02
2.158621569392926176e+02 -3.662501040897998337e+02 -5.294376205269600177e+02 1.605789191231588120e+02 -4.809223323392325256e+01 8.551364537696235857e+01
7.588554686470888555e+01 -1.924674673708822183e+02 1.639413247296079135e+02 2.966206708792242353e+00 -8.143840445244677539e+00 -3.182324820489226340e+02
4.766196305941411993e+01 5.078944521701237136e+01 -1.292448333307047506e+02 6.734981599096954596e+01 -4.953056538119108154e+01 6.255595703338872227e+01
-1.862824042984357220e+02 2.761970454162531041e+02 4.660167116041002373e+02 -1.501024177398546726e+02 2.916228507664436620e+01 -1.497418987401983941e+02
-7.189416760948370211e+01 1.650076817835665679e+02 -1.896900426785432501e+02 3.280768448163235007e+01 -9.775192796700594045e+00 3.015867481235574132e+02
-1.918903308239086982e+02 1.047630219937995548e+02 1.760981911771355044e+02 -1.554005369945525672e+01 6.443998635422099142e+01 1.758082121780742568e+02
1.280042281985050067e+03 8.495674277647258350e+02 7.027875061164704675e+02 -1.327255595959250059e+02 2.781518226581465569e+02 2.023322455146389984e+02
-3.368801127497572452e+02 -5.547223186686460394e+02 8.974084706651192391e+02 -4.971632983616218553e+02 4.020457327354961308e+02 -4.731471633832115913e+02
1.707603450308160973e+02 1.685189966043849381e+02 -2.553489983794261207e+02 8.928091553614194709e+00 -9.669775115464290138e+00 2.380242140060249767e+02
-3.448838383149122819e+02 3.064590292939155916e+02 2.029095522376628651e+02 7.411719919500683318e+00 -7.612236300599761307e+00 2.094426557018332460e+02
-1.512816731311031617e+02 -3.955225649436815729e+02 -8.800391100983179058e+02 2.476977417290654557e+02 -2.526777717789736926e+02 3.053532321606144251e+01
3.993760451735579409e+02 3.517951042674394557e+02 -2.692582797349750763e+02 5.283174810556738521e+02 -3.944578898172185291e+02 -1.226666879960612278e+02
4.625874545673286775e+01 -4.083064510882584273e+02 -5.993968577999476111e+01 1.967726990441205999e+02 3.271440476549651066e+01 5.297265157207220909e+00
2.682736064870478003e+02 4.107916850687317947e+02 8.920182274260650956e+01 -4.805589059439996618e+02 -1.322722090422348629e+01 -3.914979588128929890e+02
-3.420784531310200691e+02 4.864421123302963679e+02 1.723804208790417761e+03 3.272189105004799785e+02 8.755053739895520266e+02 1.765061945672416186e+03
-5.155568481683731079e+03 -3.472152489394234726e+04 -2.219888757399309543e+04 -4.723886227523355046e+03 8.938378675009007566e+02 -1.361856701116975819e+04
-1.070107426697184565e+03 2.048182231903194042e+04 1.071524121001656749e+04 -1.892396616921640089e+03 6.515687124054602464e+02 8.443779795402728269e+03
-1.710110455025453120e+03 7.427490167353207653e+02 -6.483510914839498582e+03 -3.560843149910906504e+02 -1.485725994494139741e+03 2.065585266417447201e+03
1.756223829971102532e+03 2.549272012120643922e+04 1.374572485277524538e+04 4.372771927372195933e+02 8.808010760927572846e+01 1.083930662123499860e+04
1.383111177546528779e+03 -1.070238732335177519e+04 -6.376194610553569873e+03 2.078408393557609088e+03 -1.027253575328717488e+03 -4.520844387833164546e+03
1.995415583254303783e+03 -8.634820527239635339e+03 3.583462658360920614e+03 1.303903173715996672e+03 1.616942975901285536e+03 -5.026030594096730056e+03
-9.131343054916069377e+02 -1.753026130915808608e+04 -1.045469094638280512e+04 1.638511676354355586e+02 -6.741180625763299759e+02 -7.799034579963090437e+03
-8.273460763416223926e+02 1.476488472708957033e+03 4.530384717395681946e+03 -8.514791219060734875e+02 1.403429329432838131e+03 5.309469296325851246e+02
-3.783975759517168626e+03 2.016714282943051512e+04 -2.191329285113009973e+03 -4.102502215336924564e+03 -1.944321908847850864e+03 1.000709762287037302e+04
1.143764534184243530e+03 3.131938778679112147e+03 8.320998810725577641e+02 6.685924265191133600e+02 -1.357526345600781497e+02 1.952994755625470134e+03
-9.598179184868786251e+01 -7.101620601001530986e+02 -2.208187544704906031e+02 -1.277650854465218799e+01 9.664122852534683261e+01 -1.468226383570317921e+02
-8.485943158337249770e+01 1.258965330151079343e+02 5.612302534604077664e+01 -4.090631909174317116e+01 -3.337750652252043437e+01 -3.045421633329044653e+01
-9.091095714114489965e+02 -2.723109584892737985e+03 -7.879790006335751968e+02 -2.299694859182345681e+02 1.250418851009817445e+02 -1.236254057991649461e+03
-1.842374944828043226e+02 4.485801427410656288e+02 1.455495370841053955e+02 -1.932532869744327400e+02 -1.056233223367344181e+02 -1.609281279670603908e+02
2.846642964056263736e+02 7.334973441149787732e+01 2.972082790614012993e+01 9.176494253628902698e+01 3.542491183279616962e+01 1.086362771644996883e+02
2.043461460234393599e+02 2.583065623258313281e+03 6.234195301152903994e+02 -8.908771011058706790e+01 -2.123821580583535251e+02 9.383513544145334890e+02
8.347471263740153518e+02 1.442763516903778509e+01 9.173020051904313732e+01 3.356793098044054204e+02 1.688467529338231543e+02 4.127989219667178986e+02
-7.177362380015620147e+02 -5.539933049884391494e+02 -2.864985108927812689e+02 4.548340071442953558e+01 -5.840200941647890431e+01 -2.082241844103396033e+01
6.345974466703832150e+03 1.219955819066946860e+05 -1.003227071975208819e+05 3.196153141285944730e+04 -3.348580827154312283e+04 1.142541053288090043e+05
-4.037019524547271430e+03 -3.455150474803289399e+03 7.297877291024837177e+03 3.014048127517482499e+03 -9.949365170635282993e+02 -6.185669552973893587e+03
3.168096323849400505e+03 -4.388878576268325560e+03 -1.738792035331367515e+03 5.544730576027359348e+02 4.766625274312682450e+02 -1.724075320747360820e+03
7.076541271441616118e+03 -6.481823571680104942e+04 4.834763702298747376e+04 -1.638169296529085841e+03 1.178848315129871480e+04 -6.198228219269655528e+04
7.579594433605670929e+02 -3.493557887133362237e+04 2.004489252797514200e+04 -1.837730433158599772e+04 1.298945047226129100e+04 -2.760011817397014238e+04
-6.161134852027520537e+03 1.827773237810848514e+04 -1.168320129912579432e+03 -4.129581491141347215e+03 -5.913253738905768842e+02 1.249533397909067571e+04
4.311684007451869547e+03 2.145143867547440459e+04 -2.815436695741000585e+04 -4.833296311371552292e+03 -2.616053553054691292e+03 2.437506646218433161e+04
-2.759656149921286851e+04 7.613486763324092317e+04 -2.592409901344520040e+04 9.340731424108118517e+03 -1.558894366412016097e+04 6.120536926148885686e+04
5.026833785696327686e+04 -1.029495467034913599e+04 -4.557156626672670245e+04 6.196354320254176855e+04 -2.469318313169851899e+04 1.254394796087406576e+03
