[[  5.30877752e+05  -1.95327102e+06   3.21400143e+05  -5.79951336e+05
    4.70176999e+05  -1.39619605e+06]
 [ -6.54109560e+05   9.30629581e+05  -3.29679813e+05   2.83181736e+05
   -3.55862322e+05   6.44468132e+05]
 [  8.94539809e+05  -5.95765998e+05   3.71498283e+05  -8.99369685e+04
    3.14206270e+05  -3.94107648e+05]
 [ -2.52332021e+05   7.04590109e+05  -1.36116727e+05   2.10329571e+05
   -1.89418067e+05   4.95222999e+05]
 [  3.14667051e+05  -3.36368679e+05   1.42321283e+05  -8.90325349e+04
    1.48191677e+05  -2.17869974e+05]
 [ -4.21527849e+05   2.17668244e+05  -1.68084531e+05   1.49545633e+04
   -1.37091223e+05   1.28715870e+05]
 [  1.83900378e+05  -3.83226173e+05   9.00281670e+04  -1.14643044e+05
    1.16754848e+05  -2.65513618e+05]
 [ -2.27563032e+05   1.81327723e+05  -9.62149281e+04   4.03156628e+04
   -9.47591840e+04   1.08931833e+05]
 [  2.99328804e+05  -1.18314467e+05   1.18563459e+05   2.18953215e+03
    9.20720512e+04  -6.11501366e+04]
 [  4.95803257e+03   2.03444276e+03   3.91773677e+03   2.12210275e+03
    1.46989491e+03   2.61031026e+03]
 [ -2.21838092e+03  -1.98199482e+03  -1.77933992e+03  -2.37239596e+03
   -4.96653163e+02  -3.03718756e+03]
 [  3.95400247e+03   1.09169416e+03   1.39478648e+03   2.55502110e+03
    6.76552017e+02   2.55567577e+03]
 [ -7.99104291e+02  -9.68930116e+02  -1.34311111e+03  -8.09676385e+02
   -3.88815046e+02  -1.27180849e+03]
 [  5.83826756e+02   7.60713527e+02   7.28021461e+02   8.45528712e+02
    1.99445253e+02   1.19262405e+03]
 [ -1.48985425e+03  -4.32508313e+02  -7.69536834e+02  -7.25724024e+02
   -3.97973229e+02  -9.01880442e+02]
 [  2.36783489e+02   4.85635003e+02   7.77121953e+02   4.19949593e+02
    2.30772855e+02   7.31401289e+02]
 [ -3.74984339e+02  -3.11649881e+02  -5.14592195e+02  -4.20290414e+02
   -1.89918613e+02  -6.17352633e+02]
 [  9.86262697e+02   1.54114908e+02   6.19039337e+02   3.07231697e+02
    3.54290352e+02   4.53571922e+02]
 [ -1.11890676e+03   1.43987394e+03  -4.31155955e+02  -6.80406339e+02
   -3.52118539e+02   3.17886290e+02]
 [  1.54087494e+03  -1.55198052e+03   9.52932595e+02   7.22300360e+02
    5.04269237e+02  -5.03938029e+02]
 [ -1.81374279e+03   1.35056327e+03  -6.99671171e+02  -1.20228297e+03
   -4.43145510e+02  -7.47726212e+01]
 [  1.01997426e+03  -2.26735386e+03   4.30479384e+02   3.73841399e+02
    4.11286221e+02  -1.06177527e+03]
 [ -1.02138082e+03   2.16850720e+03  -6.31103783e+02  -3.74992531e+02
   -4.15189560e+02   1.09811084e+03]
 [  1.31690948e+03  -1.86390766e+03   4.77819896e+02   9.52601233e+02
    3.86142505e+02  -3.46672412e+02]
 [ -6.89190085e+02   1.44228361e+03  -3.49500277e+02  -2.60193047e+02
   -2.93719883e+02   6.34784842e+02]
 [  7.76057323e+02  -1.52534700e+03   4.73818606e+02   3.30038083e+02
    3.28052292e+02  -6.56667649e+02]
 [ -1.18719594e+03   1.83400812e+03  -5.19002059e+02  -7.93228612e+02
   -4.17061621e+02   3.94304387e+02]
 [ -1.79043635e+04  -2.38022329e+04   1.21612976e+04  -6.05446445e+03
    9.12479474e+03  -9.43827795e+03]
 [ -1.81838705e+03   1.48872573e+04  -7.03002994e+03  -2.53405483e+03
   -1.82605590e+03   1.15133342e+04]
 [ -4.13562620e+03   2.21361111e+04   1.09085088e+04  -1.79624778e+02
   -2.23668343e+03   4.40882332e+03]
 [  4.98688397e+03   9.87113505e+03  -4.85342928e+03   1.20531525e+03
   -2.97962097e+03   4.85075673e+03]
 [  1.87783202e+03  -3.28263158e+03   3.17187109e+03   2.00432781e+03
   -1.62051814e+02  -4.04671883e+03]
 [  3.30390972e+03  -1.89548093e+04  -6.10740676e+03   1.04357889e+03
    1.94418006e+03  -5.46946748e+03]
 [ -2.33329539e+03  -4.64136236e+03   3.16309554e+03  -3.29537284e+02
    1.37300784e+03  -2.77699046e+03]
 [ -9.28010682e+02  -1.97409505e+03  -2.52072250e+03  -1.20895815e+03
    6.80533765e+02   1.03394407e+03]
 [ -4.81250812e+03   2.21687742e+04   5.59704414e+03  -2.64035372e+03
   -1.83026722e+03   7.48619977e+03]
 [ -9.84332227e+02   1.17997462e+03   8.74336274e+02  -3.86365747e+02
    7.56714362e+01   4.19570233e+02]
 [  9.77620175e+00  -2.74324499e+02  -4.63987305e+02  -6.88516655e+01
    1.36774626e+01   9.20060926e+01]
 [  2.57934919e+02   1.18938647e+02   3.61683589e+02   1.09284369e+02
    7.60852485e+01   1.90193815e+01]
 [  3.39720351e+02  -5.74130156e+02  -4.14787600e+02   4.07598854e+01
    6.73858832e+00  -2.02408895e+02]
 [  2.26956294e+02   9.74214819e+01   2.62052673e+02   6.64246020e+01
   -3.00471243e+00  -1.48939124e+02]
 [ -2.30986954e+02  -7.90867183e+01  -2.75315337e+02  -2.84006707e+01
   -8.96410113e+01  -1.20779651e+01]
 [ -1.26066787e+02   3.86153872e+02   3.32630421e+02  -3.68293903e+01
    7.56589148e+00   7.65421973e+01]
 [ -3.06797631e+02  -4.41525595e+01  -2.75578916e+02   5.16454719e+01
   -4.93393488e+01   2.24423958e+02]
 [  1.75497295e+02   1.21830392e+02   3.63171744e+02  -5.46809177e+01
    1.64181861e+02   1.00943374e+02]
 [ -1.10004267e+03   3.57018856e+02  -6.62075403e+02  -1.99235384e+02
   -3.64953358e+02   7.50274860e+01]
 [  3.92461561e+02   3.89332355e+01   3.86059823e+02   7.46285935e+01
    1.67866897e+02   8.15856483e+01]
 [ -1.82836785e+02  -1.47966581e+02  -2.16547357e+02  -3.38712211e+00
   -7.07973628e+01  -5.65262307e+01]
 [  7.17665211e+02  -1.50132733e+02   4.88344026e+02   9.04957115e+01
    2.52639869e+02  -4.19623063e+01]
 [ -2.10161089e+02  -2.76439512e+02  -2.50025799e+02   3.70990785e+00
   -7.95816053e+01  -1.26118336e+02]
 [  2.12046722e+02   3.74078775e+02   1.10009110e+02  -1.13971231e+02
    8.58172761e+00   1.54467043e+01]
 [ -6.66517805e+02   6.12814128e+01  -3.54843493e+02  -4.34333661e+01
   -2.05309569e+02   3.09978814e+01]
 [  4.09390347e+02   6.28198695e+02   1.85914907e+02  -9.45597277e+01
    6.99060923e+01   2.40828888e+02]
 [ -2.94781660e+02  -8.44716661e+02  -1.95504718e+01   5.03997464e+02
    5.61656026e+00   2.84502232e+01]
 [  1.91232750e+04  -2.78578355e+03  -1.50342771e+04  -1.31226693e+04
   -8.12078295e+03  -3.53602887e+04]
 [  5.59680399e+02   8.73099775e+03   6.07812462e+03  -4.25150344e+03
    3.78341829e+03   6.37307958e+03]
 [  5.23633138e+03   1.72733228e+04  -9.67663273e+02  -4.94333413e+03
   -1.65223179e+03   2.73696295e+03]
 [ -2.66078764e+03   3.55426057e+03   4.51065461e+03   2.41086195e+03
    3.48450198e+03   1.24840863e+04]
 [ -2.74743007e+03  -1.36309248e+03  -7.80255282e+02   3.67894832e+03
   -1.52962474e+03   1.26786501e+03]
 [ -4.75009128e+03  -1.94875721e+04  -2.03198809e+03   6.01246041e+03
    2.49706021e+02  -4.55475957e+03]
 [  6.35175960e+02  -1.09806853e+02  -1.29373860e+03  -1.03954005e+03
   -2.03900575e+03  -5.98477220e+03]
 [  8.30540538e+01  -5.67645556e+03  -1.17228494e+03  -1.04733748e+03
    5.77439667e+02  -3.57548089e+03]
 [  1.04747158e+04   2.94187975e+04   3.78699975e+03  -1.21768495e+04
    8.25438951e+02   4.23471453e+03]
 [  1.31791052e+03   2.48997910e+03  -1.01641661e+03  -4.83976854e+02
   -1.49048879e+02   1.55439508e+03]
 [ -3.21616072e+02  -1.16430094e+03   1.77766811e+02   9.54348050e+01
    1.47091093e+02  -5.06582935e+02]
 [ -1.96602621e+02   5.57074239e+02  -4.91939362e+00  -2.46425483e+01
   -6.79829428e+01   3.37694008e+02]
 [ -1.19830488e+03  -2.23106173e+03   4.31958519e+02   4.72348408e+02
    1.08235374e+02  -9.70778157e+02]
 [  1.43164367e+01   1.08524145e+03   2.28728893e+01  -1.13862370e+02
   -1.51947317e+02   3.41932855e+02]
 [  5.70658689e+02  -5.00418159e+02  -7.94966273e+01   1.60641491e+01
    7.24902381e+01  -3.55230629e+02]
 [  2.34960755e+02   2.94676452e+03  -1.67203113e+02  -4.91332150e+02
   -2.42669650e+02   1.30144358e+03]
 [  1.08432769e+03  -1.38161551e+03  -1.84117052e+02   4.62599120e+01
    2.75848544e+02  -6.02315637e+02]
 [ -1.86150278e+03   5.05877018e+02   1.75729729e+02   1.61619918e+02
   -1.24746262e+02   8.27718118e+02]
 [  4.63528489e+03  -5.63901521e+03  -5.94913537e+03   9.49471452e+03
   -1.18928310e+03   5.29576930e+03]
 [ -1.21740259e+03   1.87852731e+02   1.85372086e+03  -1.91378380e+03
    1.69667394e+02  -2.33358687e+03]
 [ -7.77088195e+01   1.10776213e+03  -5.69216175e+02   6.77728689e+02
   -2.02244615e+02   1.49258934e+03]
 [ -7.00180763e+03   3.93370484e+03   5.70044055e+03  -1.05290683e+04
    3.92446821e+02  -8.84275358e+03]
 [ -8.94371605e+02   3.39915047e+03  -1.93458684e+03   1.01216009e+03
   -2.26859613e+02   5.00341037e+03]
 [  2.84011391e+03  -4.57938741e+03   5.63165330e+02  -6.00215646e+02
    8.46628210e+02  -3.57426930e+03]
 [ -1.01453500e+04   1.17987415e+04  -1.83293676e+04   1.65259253e+04
   -7.11676573e+03   2.71201665e+04]
 [  1.97882776e+04  -2.20447734e+04   8.98674972e+03  -6.33825634e+01
    5.84137592e+03  -1.70998922e+04]
 [ -1.73539121e+04   2.11371169e+04  -4.56127510e+03   3.42664094e+03
   -7.11084619e+03   1.20937720e+04]]