[[ -3.45488247e+05  -2.29942118e+05   1.89994567e+05   4.23707716e+05
    2.29847382e+05   8.36095858e+05]
 [  1.73273747e+05   5.22372925e+05  -4.57914572e+05  -2.37535243e+05
   -3.56618352e+05  -4.83926448e+05]
 [  1.55438997e+04  -4.39847609e+05   4.55501583e+05  -1.17492129e+04
    2.95649778e+05   5.99275213e+04]
 [  1.17242362e+05   1.29138575e+05  -1.36817059e+05  -1.81315404e+05
   -1.24153969e+05  -3.45605298e+05]
 [ -3.68496333e+04  -2.80259709e+05   2.71598256e+05   9.03280473e+04
    1.91123988e+05   1.78261450e+05]
 [ -4.04024673e+04   2.43743470e+05  -2.69852860e+05   3.01894430e+04
   -1.63947610e+05   1.75723165e+04]
 [ -3.19185220e+04  -6.41646479e+04   7.78117794e+04   6.91821930e+04
    5.98597699e+04   1.27771048e+05]
 [ -2.13826849e+03   1.34274836e+05  -1.38598055e+05  -2.86748350e+04
   -9.14817840e+04  -5.57378747e+04]
 [  3.06654543e+04  -1.20060385e+05   1.38274893e+05  -2.41384053e+04
    8.07607286e+04  -2.67044877e+04]
 [  6.41663506e+03  -9.41474065e+03   3.07102853e+04   2.54671213e+04
    9.52562655e+03   1.67240074e+04]
 [ -3.41785229e+03   6.56659806e+03  -2.05190826e+04  -1.30458729e+04
   -6.35717124e+03  -7.05016448e+03]
 [  1.62343060e+03  -3.13133776e+03   9.83401981e+03   4.97433184e+03
    3.10362879e+03   2.19902363e+03]
 [ -4.42224989e+03   4.45835544e+03  -1.40183781e+04  -1.02886068e+04
   -4.63859783e+03  -6.30169466e+03]
 [  2.68278088e+03  -3.17480355e+03   9.73735215e+03   5.22830338e+03
    3.18587404e+03   2.32676869e+03]
 [ -1.31192690e+03   1.52686218e+03  -4.86296622e+03  -1.95840219e+03
   -1.60156222e+03  -5.54230820e+02]
 [  2.39546238e+03  -1.89892175e+03   5.73579442e+03   3.75572738e+03
    2.01686285e+03   2.13411529e+03]
 [ -1.57701199e+03   1.35947744e+03  -4.11991714e+03  -1.89961647e+03
   -1.41870690e+03  -6.59586496e+02]
 [  7.96069764e+02  -6.55040156e+02   2.12286389e+03   7.09727372e+02
    7.25094037e+02   7.83015280e+01]
 [  5.28773561e+03  -6.58370977e+03  -2.68403070e+03  -1.00317949e+04
    2.91996063e+02  -1.52341662e+04]
 [ -2.78788122e+03   3.12275526e+03   1.98719264e+03   5.32707713e+03
    1.06741323e+01   7.75520757e+03]
 [  1.02953799e+03  -1.01409289e+03  -9.82413561e+02  -2.07352821e+03
   -7.57248215e+01  -2.85288457e+03]
 [ -5.85407847e+03   8.97834056e+03   1.29726015e+03   8.20912784e+03
   -7.41711910e+02   1.54013752e+04]
 [  2.95611166e+03  -4.48487378e+03  -1.04112944e+03  -4.35746657e+03
    2.92645965e+02  -7.86754363e+03]
 [ -9.97734734e+02   1.54029688e+03   5.54952228e+02   1.72313979e+03
   -5.76947151e+01   2.89258431e+03]
 [  3.21633089e+03  -5.51286385e+03  -5.03712276e+02  -4.41166883e+03
    5.02399486e+02  -8.75242165e+03]
 [ -1.37450045e+03   2.92245158e+03   3.43647513e+02   2.36943521e+03
   -2.72941858e+02   4.46763504e+03]
 [  3.22761447e+02  -1.05388774e+03  -1.91592217e+02  -9.61338385e+02
    9.26729732e+01  -1.62191538e+03]
 [ -7.72860000e+03  -1.93263608e+04  -6.33492755e+03   6.33887377e+03
    5.55877032e+03   1.09980987e+04]
 [  1.28124699e+04   1.95704791e+04  -1.79785758e+04  -1.65642305e+04
   -3.88833013e+03  -1.49827902e+03]
 [ -3.35210403e+03   1.31232110e+03   1.41320679e+04   4.30862713e+03
   -2.23127681e+03  -9.43510692e+03]
 [  3.70579471e+03   9.26041358e+03  -1.07375465e+03  -4.72731398e+03
   -2.54821328e+03  -3.58224300e+03]
 [ -6.45859263e+03  -7.62629324e+03   1.19490773e+04   8.36257108e+03
    9.72680260e+02  -2.06166183e+03]
 [  1.03421220e+03  -5.77328319e+03  -5.72926650e+03   1.25128620e+03
    3.21978468e+03   8.54296857e+03]
 [ -1.87170005e+03  -3.52670556e+03   1.54617632e+03   2.09137595e+03
    8.78436206e+02   7.11400505e+02]
 [  3.27851614e+03   1.60876791e+03  -5.32980148e+03  -2.51688328e+03
    3.33328541e+02   2.45597838e+03]
 [ -3.74008503e+02   6.06826406e+03   3.09151249e+02  -3.72326501e+03
   -2.87556780e+03  -6.12234796e+03]
 [ -4.82294858e+02   2.97869169e+02   4.82487897e+03   4.20905048e+02
    2.48448932e+03   3.19174128e+03]
 [  6.32254767e+02   2.29778002e+02  -2.99339480e+03  -4.04038458e+02
   -1.35927467e+03  -1.46821561e+03]
 [ -3.49181834e+02  -1.61845427e+02   1.40100134e+03   2.41081782e+02
    6.20567625e+02   6.93059725e+02]
 [  2.81132897e+02  -5.12900200e+02  -2.83009885e+03  -3.08633952e+02
   -1.10654120e+03  -1.26377841e+03]
 [ -4.93496248e+02  -3.72086086e+01   1.89079830e+03   2.98801828e+02
    6.50346275e+02   5.51013067e+02]
 [  3.50822657e+02   4.54148130e+01  -9.78561961e+02  -1.84579978e+02
   -3.57824858e+02  -4.05182160e+02]
 [ -2.07217471e+02   3.06271144e+02   1.44889121e+03   1.71431821e+02
    4.65543156e+02   4.56761885e+02]
 [  4.01176970e+02   3.95197678e+01  -1.08017301e+03  -1.79918253e+02
   -3.16068103e+02  -2.20745702e+02]
 [ -3.12452638e+02  -8.90132423e+00   6.32861634e+02   1.33914450e+02
    2.17050354e+02   2.96245845e+02]
 [  4.03426490e+03   4.75517503e+03  -1.24666480e+03   1.91550995e+02
    1.27520136e+02   4.03848352e+03]
 [ -2.11184670e+03  -2.43511332e+03   4.89002896e+02  -1.32320892e+02
   -1.01787452e+02  -2.06470729e+03]
 [  7.87709280e+02   8.85496992e+02  -9.35192685e+01   9.26205392e+01
    5.87465048e+01   7.82094486e+02]
 [ -5.29894157e+03  -5.68881984e+03   1.03689505e+03   4.37615926e+02
   -4.55363610e+02  -4.32315598e+03]
 [  2.86617435e+03   2.97482871e+03  -3.26260476e+02  -1.81535706e+02
    2.79115251e+02   2.21155555e+03]
 [ -1.08387287e+03  -1.10598782e+03  -7.92038567e-01  -1.98332362e+01
   -1.25460135e+02  -8.70089908e+02]
 [  3.43886251e+03   3.36695320e+03  -6.10862735e+02  -3.76141221e+02
    2.88795697e+02   2.36552372e+03]
 [ -2.09025991e+03  -1.97318241e+03   3.11753215e+02   9.67885463e+01
   -8.67100298e+01  -1.23860831e+03]
 [  9.17315258e+02   8.27015187e+02  -7.39161639e+01   1.08628958e+02
    1.02837390e+01   5.47354596e+02]
 [ -1.23348839e+04  -2.55115591e+04  -2.66145181e+04  -5.66182536e+03
   -5.12166573e+02  -5.03432936e+03]
 [  3.06377477e+03   1.21018017e+04   1.27756431e+04  -1.24822952e+03
    3.39681847e+03   6.94947431e+03]
 [  3.64984576e+03   2.55132461e+00  -1.02544675e+03   2.64832439e+03
    2.84881336e+02   2.46376763e+03]
 [  4.54006236e+03   1.18865513e+04   1.00513974e+04   1.28568992e+03
    6.81509486e+02   4.12963361e+03]
 [  1.17080422e+03  -3.28882852e+03  -1.85900209e+03   2.42632025e+03
   -1.76149351e+03  -3.72388737e+03]
 [ -4.33260009e+03  -3.02726575e+03  -3.09921183e+03  -2.13030184e+03
   -1.10896313e+03  -3.33594290e+03]
 [ -1.21373924e+03  -4.42874814e+03  -3.12296476e+03  -2.59791016e+01
   -3.59778482e+02  -1.97590225e+03]
 [ -1.85807148e+03  -4.76353264e+02  -9.81556648e+02  -1.60887328e+03
    5.45876677e+02   7.59814472e+02]
 [  3.10746568e+03   3.32033456e+03   2.58773784e+03   8.65579436e+02
    1.33412322e+03   3.69573115e+03]
 [ -3.35509699e+03  -1.78275707e+03   1.25275984e+02   8.46170286e+02
   -1.24948586e+03  -2.24061871e+03]
 [  6.26564640e+02  -6.04682313e+02  -2.60310304e+02  -5.48230135e+02
    4.69533666e+02   7.17733999e+01]
 [  1.13673024e+02   3.25536192e+02   3.99613633e+01   4.37031892e+01
   -1.05014478e+02  -5.87570451e+01]
 [  1.70043508e+03   1.90497505e+02  -2.67141245e+02  -6.35772678e+02
    7.62068320e+02   8.55152835e+02]
 [  1.75770206e+02   1.07334499e+03   2.49025815e+02   2.46211750e+02
   -1.92246918e+02   3.16001755e+02]
 [ -3.69064754e+02  -2.98817548e+02   1.30682107e+01   1.57778885e+02
   -1.48520473e+01   6.58739334e+01]
 [ -5.74929448e+02   3.67985585e+02   3.08561238e+02   2.53698222e+02
   -3.07250671e+02  -2.19491897e+02]
 [ -5.47916385e+02  -8.14554356e+02  -1.97653180e+02   1.06360628e+02
   -7.46003880e+01  -2.89633946e+02]
 [  4.02252139e+02  -1.56928531e+01  -6.07017085e+01  -3.34084360e+02
    1.34287971e+02  -1.71040185e+02]
 [  3.11768415e+03   2.36749788e+04  -4.84134566e+03   2.21714919e+03
   -4.12776105e+03   1.32510330e+04]
 [ -1.03034233e+03  -1.13819418e+04   2.20889037e+03  -1.08615401e+03
    2.05753825e+03  -6.32966633e+03]
 [  1.76151892e+02   4.02140183e+03  -7.18610072e+02   4.45447243e+02
   -7.40138336e+02   2.30482773e+03]
 [ -1.03060015e+03  -3.12565947e+04   6.82067557e+03  -2.83890414e+03
    6.17387106e+03  -1.71673821e+04]
 [ -4.61013817e+02   1.51343225e+04  -3.25672686e+03   1.38001233e+03
   -3.19199966e+03   8.24438588e+03]
 [  5.60729623e+02  -5.44200754e+03   1.10950687e+03  -6.22318797e+02
    1.19111767e+03  -3.12754670e+03]
 [ -1.12490599e+03   3.69482169e+04  -8.97551457e+03   3.23485998e+03
   -8.04513740e+03   2.04518432e+04]
 [  2.28127020e+03  -1.77116665e+04   4.40889335e+03  -1.64889549e+03
    4.26429717e+03  -9.89500720e+03]
 [ -1.57944802e+03   6.45632643e+03  -1.53878784e+03   8.93989703e+02
   -1.63931921e+03   4.01853870e+03]]