(array([  6.65770161e+06,  -4.75238658e+06,   2.14790427e+06,
        -6.26297952e+05,   2.50152057e+06,  -2.20295736e+06,
        -4.33352270e+06,   2.51330077e+06,  -1.37683923e+06,
         6.73348177e+05,  -1.51819968e+06,   1.52112350e+06,
         3.91627793e+06,  -2.05478876e+06,   1.19549347e+06,
        -7.60430237e+05,   1.25272481e+06,  -1.59781640e+06,
        -1.98207137e+06,   1.32592086e+06,  -6.18489735e+05,
         2.01069456e+05,  -7.26102651e+05,   6.34411871e+05,
         1.31784377e+06,  -7.15288481e+05,   4.04180202e+05,
        -2.03603410e+05,   4.46150287e+05,  -4.50375565e+05,
        -1.20366324e+06,   5.92420678e+05,  -3.58114203e+05,
         2.35165057e+05,  -3.73490964e+05,   4.82185161e+05,
         1.28363625e+06,  -7.96760089e+05,   3.90467673e+05,
        -1.40517906e+05,   4.57618503e+05,  -3.97516656e+05,
        -8.67093732e+05,   4.32197849e+05,  -2.60195387e+05,
         1.35831888e+05,  -2.84047399e+05,   2.86729132e+05,
         7.97666390e+05,  -3.58927369e+05,   2.35147490e+05,
        -1.60360800e+05,   2.40812133e+05,  -3.11404077e+05,
         7.05690850e+03,   1.95071706e+03,   6.64771506e+03,
         8.71199028e+03,   1.42421653e+03,   6.06322820e+03,
        -3.39698563e+03,  -4.91738465e+03,  -3.31898249e+02,
        -5.30996404e+03,   2.89052458e+02,  -6.76077896e+03,
         3.58494468e+03,   2.90815045e+03,  -1.60178277e+03,
         4.26973140e+03,  -9.01017986e+02,   4.15982439e+03,
        -1.18843364e+03,  -1.11871476e+03,  -1.50885541e+03,
        -2.32220240e+03,  -2.73901459e+02,  -2.30634025e+03,
         5.85241524e+02,   1.62479622e+03,   1.18420879e+02,
         1.32794357e+03,  -1.20144315e+02,   1.96939678e+03,
        -6.24308780e+02,  -1.34570059e+03,   2.81948738e+02,
        -8.21689699e+02,   2.56511767e+02,  -1.23834135e+03,
         5.17763173e+02,   7.64336963e+02,   7.05747855e+02,
         1.29192766e+03,   1.21294199e+02,   1.49336270e+03,
        -2.89374982e+02,  -9.72681771e+02,  -6.25019062e+01,
        -6.91052466e+02,   8.26304401e+01,  -1.13970051e+03,
         3.20737298e+02,   9.31821128e+02,  -1.35810975e+02,
         3.68404400e+02,  -1.26090950e+02,   7.58689285e+02,
         1.10753479e+03,   2.56623914e+03,   2.20464663e+03,
        -1.39021246e+03,   8.53034493e+02,   6.56006297e+02,
         7.35501356e+02,  -2.94292606e+03,  -8.08593674e+02,
         2.31881410e+03,  -1.36361996e+02,   7.73646160e+01,
        -4.10416355e+02,   2.62336589e+03,   1.79018070e+03,
        -2.69791987e+03,   4.83034609e+02,  -7.09756247e+02,
        -2.09084137e+02,  -1.71084813e+03,  -6.57020078e+02,
         6.73769931e+02,  -1.05332818e+02,  -3.78209001e+02,
        -1.04783007e+02,   2.11645670e+03,   4.65609517e+02,
        -1.17731406e+03,  -9.96772433e+00,   1.47591408e+02,
         1.74471600e+02,  -1.76117286e+03,  -1.09685490e+03,
         2.10417659e+03,  -1.52925189e+02,   1.12477633e+03,
         1.09735353e+02,   9.09650906e+02,   3.07241744e+02,
        -2.77150623e+02,   4.50513643e+01,   2.60014224e+02,
        -3.37958926e+01,  -1.14869499e+03,  -2.52614943e+02,
         5.05453729e+02,  -1.09490522e+01,  -1.84294852e+02,
        -5.67994508e+00,   1.20686347e+03,   5.29674703e+02,
        -9.77401775e+02,   4.88784077e+01,  -2.79981850e+02,
        -3.15218348e+03,  -3.22119464e+04,   1.94128188e+04,
         1.35210336e+04,   1.56769865e+04,   9.07392223e+03,
         4.65607946e+00,   1.44005342e+04,  -1.48478082e+04,
        -3.81182377e+03,  -2.41048434e+03,   1.40353220e+04,
        -1.34775585e+04,   2.26634507e+04,   1.50841968e+04,
        -1.22110882e+03,  -2.98447986e+03,   2.18684410e+03,
         8.17490736e+01,   9.89648852e+03,  -6.83842600e+03,
        -3.63377002e+03,  -4.15608023e+03,   8.14060348e+01,
        -5.58361675e+02,  -2.35226758e+03,   5.30127042e+03,
         6.72703911e+02,  -1.85926379e+02,  -5.55197769e+03,
         7.39536353e+03,  -1.46628110e+04,  -5.49853639e+03,
         2.03194151e+03,   1.98274430e+03,  -3.03305624e+03,
        -2.36394989e+02,  -5.39019279e+03,   5.06257281e+03,
         1.90613100e+03,   2.28565880e+03,  -9.72980001e+02,
         1.87937475e+03,  -1.69033793e+03,  -3.92531041e+03,
         2.68672721e+02,   8.24095084e+02,   3.24447449e+03,
        -9.18504935e+03,   1.88442329e+04,   4.11064507e+03,
        -3.44078955e+03,  -2.14544944e+03,   6.13287224e+03,
         6.37682147e+02,   6.55413663e+02,   1.83177604e+03,
        -4.75000815e+02,   6.45813438e+02,  -3.81724697e+01,
        -3.08479221e+02,   7.95419172e+01,  -8.00014276e+02,
        -3.13528459e+02,  -1.77364440e+02,   1.88210349e+01,
         3.85919791e+02,   1.59925939e+02,   4.32470275e+02,
         2.52456802e+02,   1.06520341e+02,   1.47931489e+02,
        -2.77574956e+02,  -2.32139298e+02,  -6.92942593e+02,
         4.30555814e+01,  -2.18643124e+02,  -2.77053624e+01,
         2.55285664e+02,  -7.99747915e+01,   3.28552479e+02,
         1.88612600e+02,   5.39008004e+01,  -6.53802440e+01,
        -1.51797300e+02,  -1.69011187e+02,  -2.18146291e+02,
        -9.22502138e+01,  -5.33184824e+01,  -1.05802882e+02,
         2.18680285e+02,   1.94039231e+02,   5.65210695e+02,
        -8.52449018e+00,   1.55335545e+02,  -1.39293048e+00,
        -2.15252123e+02,   9.61263568e+00,  -3.28057344e+02,
        -9.87201556e+01,  -4.92240981e+01,   9.82879465e+01,
         9.09090949e+00,   4.16297006e+02,   2.81410710e+02,
         5.65391674e+01,   5.74930349e+01,   2.93842610e+02,
        -5.56580456e+02,   2.98783688e+01,  -3.10003223e+02,
        -2.20106021e+02,  -1.97987532e+02,  -2.38901616e+02,
         1.35946700e+02,   1.37192301e+02,   2.01277119e+02,
         7.17605990e+01,   6.32373714e+01,   1.28064229e+02,
        -9.45291649e+01,  -1.76786247e+02,  -1.32398635e+02,
        -9.02478693e+01,  -1.99836611e+01,  -1.30509621e+02,
         1.95229363e+02,   2.77534655e+00,   1.46806935e+02,
         8.67097357e+01,   5.18982558e+01,   5.48582161e+01,
         4.42326036e+00,  -1.73936556e+02,  -9.16619274e+01,
        -1.93726683e+01,   2.20943991e+01,  -4.48700644e+01,
         1.68508735e+02,   1.45504352e+02,   7.63500954e+01,
         9.77748504e+01,  -1.24967467e+01,   5.77690448e+01,
        -1.98019662e+02,  -1.02741234e+02,  -1.52458326e+02,
        -7.03519674e+01,  -5.62459784e+01,  -8.71829466e+01,
         1.21465708e+02,   4.51758214e+02,   1.59194108e+02,
         9.81343500e+00,   5.19548387e+00,   2.10619719e+02,
        -2.13349790e+02,  -3.35785358e+02,  -1.39363959e+02,
         1.58487966e+01,  -4.51067313e+01,  -1.29962081e+02,
        -7.61789680e+03,  -2.77961448e+04,  -2.67238383e+04,
        -1.76360157e+04,  -8.97392870e+03,  -4.53945651e+04,
         7.87188266e+03,   7.49220364e+03,   9.17839600e+03,
        -8.85944854e+03,   8.32035000e+03,   7.49559946e+03,
         3.74594152e+03,   3.12184140e+04,  -1.53956264e+03,
        -5.69727943e+03,  -4.30011997e+03,   7.31844088e+03,
         4.78403395e+03,   8.63913370e+03,   6.56604647e+03,
         1.33584322e+03,   3.71413392e+03,   1.20164867e+04,
        -2.91406679e+03,   3.18445653e+03,  -7.50611410e+02,
         5.55699669e+03,  -3.27796164e+03,   2.30216236e+03,
        -4.38954664e+03,  -2.51836330e+04,  -2.02648004e+03,
         6.58845682e+03,   8.64253124e+02,  -7.33678538e+03,
        -3.34205785e+03,  -1.74390874e+03,  -2.85841313e+03,
         1.55041306e+02,  -2.84359526e+03,  -5.61444077e+03,
        -7.58894411e+01,  -1.18566144e+04,  -1.31272611e+03,
        -2.38419879e+03,   2.13046084e+03,  -5.83909823e+03,
         9.81719426e+03,   3.85150291e+04,   3.43718313e+03,
        -1.64227147e+04,   1.11834448e+03,   8.59890763e+03,
        -1.05294753e+03,   4.81173819e+03,  -2.06338654e+02,
        -5.52081344e+02,  -9.57360572e+02,   1.68078330e+03,
         4.10734739e+01,  -1.61342795e+03,   4.97859706e+01,
        -9.28417510e+01,   3.42186037e+02,  -5.90733561e+02,
        -1.64473655e+02,   8.30506091e+02,   5.94804232e+01,
         4.15717599e+01,  -1.27985955e+02,   4.17576655e+02,
         6.87839827e+00,  -3.02647673e+03,  -4.47575388e+01,
         2.24654389e+02,   4.89298694e+02,  -1.00666154e+03,
         1.21034937e+02,   9.77212045e+02,   4.59743316e+01,
         9.76042327e+01,  -1.63040380e+02,   3.57744188e+02,
         2.31270814e+02,  -5.45066149e+02,  -1.05009673e+02,
        -1.19476621e+01,   3.54834771e+01,  -3.48477631e+02,
        -1.38884519e+02,   3.71290608e+03,   2.60358922e+02,
        -1.59179925e+02,  -4.84966198e+02,   1.46999415e+03,
         2.74035233e+02,  -1.00079705e+03,  -1.74515244e+02,
        -1.60752638e+02,   1.06605986e+02,  -5.88859354e+02,
        -1.08815762e+03,   5.57691503e+02,   2.23218273e+02,
         5.91899562e+01,   4.63357214e+01,   8.33132114e+02,
         3.14934738e+02,   1.79718013e+03,  -2.05843835e+03,
         4.16875081e+03,  -1.24606706e+03,   3.89709085e+03,
         7.02127561e-01,  -1.11947510e+03,   1.83711958e+02,
        -5.09429087e+02,   1.81253490e+02,  -1.06823817e+03,
         8.24901033e+02,   8.31418477e+02,   3.27468780e+02,
         1.37089966e+02,   9.54137842e+01,   4.19792219e+02,
         3.27290848e+02,  -3.68391299e+03,  -3.71805528e+02,
        -3.59940687e+03,   3.14617811e+02,  -5.65902916e+03,
        -8.71063097e+02,   2.50651930e+03,   1.00353129e+03,
        -5.84309482e+02,   1.88777080e+02,   1.42770736e+03,
        -8.55679566e+02,  -1.79368674e+03,  -1.03364556e+03,
         1.95247154e+02,  -2.12226558e+02,  -5.21625934e+02,
        -5.91826286e+03,   1.10034968e+04,  -1.98265272e+02,
         3.26032323e+03,  -2.37189311e+03,   8.44389102e+03,
         3.67905254e+03,  -7.72135485e+03,  -1.11097836e+03,
         4.31287836e+03,   1.07893611e+03,   7.65031191e+02,
         6.24439744e+03,   4.46696824e+03,   7.97103218e+02,
         1.18819232e+03,  -1.15622910e+03,  -2.06632086e+03]), -679.56006965981999, 215, 301, 10, array([  6.65769896e+06,  -4.75238578e+06,   2.14790581e+06,
        -6.26289432e+05,   2.50151927e+06,  -2.20295578e+06,
        -4.33352405e+06,   2.51329917e+06,  -1.37683824e+06,
         6.73347890e+05,  -1.51819836e+06,   1.52112547e+06,
         3.91627303e+06,  -2.05478214e+06,   1.19549927e+06,
        -7.60427943e+05,   1.25272005e+06,  -1.59781723e+06,
        -1.98206821e+06,   1.32592298e+06,  -6.18490996e+05,
         2.01068866e+05,  -7.26099977e+05,   6.34409736e+05,
         1.31784976e+06,  -7.15287234e+05,   4.04180990e+05,
        -2.03594670e+05,   4.46145830e+05,  -4.50374296e+05,
        -1.20366033e+06,   5.92418376e+05,  -3.58116872e+05,
         2.35166262e+05,  -3.73496866e+05,   4.82186651e+05,
         1.28363564e+06,  -7.96758966e+05,   3.90463675e+05,
        -1.40514476e+05,   4.57618815e+05,  -3.97515241e+05,
        -8.67097560e+05,   4.32194927e+05,  -2.60200472e+05,
         1.35831980e+05,  -2.84048797e+05,   2.86728292e+05,
         7.97659918e+05,  -3.58918797e+05,   2.35149739e+05,
        -1.60364149e+05,   2.40821511e+05,  -3.11401914e+05,
         7.05858409e+03,   1.94516115e+03,   6.64908582e+03,
         8.70756584e+03,   1.42035289e+03,   6.06719430e+03,
        -3.39439513e+03,  -4.91982100e+03,  -3.35317947e+02,
        -5.31253577e+03,   2.90780164e+02,  -6.75908636e+03,
         3.58453737e+03,   2.90242355e+03,  -1.60053628e+03,
         4.26888040e+03,  -9.00577197e+02,   4.15660850e+03,
        -1.18888338e+03,  -1.11677165e+03,  -1.50754449e+03,
        -2.31903677e+03,  -2.65636393e+02,  -2.30636958e+03,
         5.86948588e+02,   1.63032699e+03,   1.24435878e+02,
         1.32701255e+03,  -1.23703993e+02,   1.97725670e+03,
        -6.23308112e+02,  -1.35162739e+03,   2.78892790e+02,
        -8.22334984e+02,   2.51100767e+02,  -1.23885352e+03,
         5.14948425e+02,   7.62508600e+02,   7.03552694e+02,
         1.29181857e+03,   1.21185062e+02,   1.50113467e+03,
        -2.86870769e+02,  -9.74065057e+02,  -5.75038985e+01,
        -6.94874457e+02,   7.68662548e+01,  -1.14452798e+03,
         3.25635451e+02,   9.33115593e+02,  -1.37053314e+02,
         3.64322506e+02,  -1.26345280e+02,   7.61387454e+02,
         1.11136875e+03,   2.56656956e+03,   2.20482523e+03,
        -1.38821526e+03,   8.60348315e+02,   6.55727746e+02,
         7.46181410e+02,  -2.94332949e+03,  -8.07023005e+02,
         2.32327799e+03,  -1.30935044e+02,   8.32954567e+01,
        -4.11782626e+02,   2.62016135e+03,   1.78820145e+03,
        -2.70576958e+03,   4.83008631e+02,  -7.09885822e+02,
        -2.06196990e+02,  -1.71058308e+03,  -6.58918232e+02,
         6.78998258e+02,  -1.14439226e+02,  -3.80367147e+02,
        -1.04611655e+02,   2.11407367e+03,   4.61444212e+02,
        -1.17302865e+03,  -1.04918190e+01,   1.43327100e+02,
         1.76749717e+02,  -1.76622841e+03,  -1.09478486e+03,
         2.11872548e+03,  -1.49040863e+02,   1.12224296e+03,
         1.11211710e+02,   9.09431412e+02,   3.05199656e+02,
        -2.75012849e+02,   4.01911772e+01,   2.61778958e+02,
        -3.02882757e+01,  -1.14585957e+03,  -2.49319981e+02,
         5.03034491e+02,  -9.42470645e+00,  -1.81341969e+02,
        -4.01049801e+00,   1.20527837e+03,   5.32570653e+02,
        -9.72568433e+02,   5.14647835e+01,  -2.79291096e+02,
        -3.16171402e+03,  -3.22093840e+04,   1.94113485e+04,
         1.35180240e+04,   1.56692697e+04,   9.06738386e+03,
         3.00721900e+00,   1.43990668e+04,  -1.48497738e+04,
        -3.80420753e+03,  -2.41087014e+03,   1.40384760e+04,
        -1.34762926e+04,   2.26604457e+04,   1.50837991e+04,
        -1.22569921e+03,  -2.98452652e+03,   2.18617822e+03,
         8.18440954e+01,   9.89307761e+03,  -6.83628075e+03,
        -3.63606145e+03,  -4.15422902e+03,   8.15550056e+01,
        -5.58837455e+02,  -2.35376041e+03,   5.29872414e+03,
         6.77885368e+02,  -1.81535325e+02,  -5.55594568e+03,
         7.39686304e+03,  -1.46634704e+04,  -5.50036838e+03,
         2.03280469e+03,   1.97958579e+03,  -3.03121402e+03,
        -2.37389450e+02,  -5.38779208e+03,   5.05898312e+03,
         1.90541723e+03,   2.29080484e+03,  -9.72614112e+02,
         1.88641119e+03,  -1.69732655e+03,  -3.92484698e+03,
         2.72392342e+02,   8.25083076e+02,   3.24658461e+03,
        -9.18228061e+03,   1.88476163e+04,   4.11245514e+03,
        -3.44294353e+03,  -2.14990675e+03,   6.12743078e+03,
         6.35303853e+02,   6.53366327e+02,   1.82845554e+03,
        -4.73100848e+02,   6.46665022e+02,  -2.88871653e+01,
        -3.09615021e+02,   8.18019018e+01,  -7.94418227e+02,
        -3.17097170e+02,  -1.78211757e+02,   1.57487346e+01,
         3.83914023e+02,   1.58434470e+02,   4.31068527e+02,
         2.53639602e+02,   1.04642381e+02,   1.45236344e+02,
        -2.82128200e+02,  -2.32516888e+02,  -6.95152572e+02,
         4.50575205e+01,  -2.17261498e+02,  -2.40084875e+01,
         2.50878055e+02,  -7.07850023e+01,   3.31025550e+02,
         1.91997686e+02,   5.58221268e+01,  -6.33336010e+01,
        -1.55204685e+02,  -1.73778024e+02,  -2.19981905e+02,
        -9.16589166e+01,  -4.65906353e+01,  -1.01166400e+02,
         2.16749112e+02,   1.92351890e+02,   5.63855807e+02,
        -1.08848491e+01,   1.52169209e+02,  -1.42236367e+00,
        -2.18209291e+02,   4.26495121e+00,  -3.27529345e+02,
        -9.65475744e+01,  -4.78939777e+01,   9.76464997e+01,
         8.23290415e+00,   4.19266208e+02,   2.78704340e+02,
         5.22961153e+01,   5.79444069e+01,   2.94281640e+02,
        -5.54892023e+02,   2.73091415e+01,  -3.12486918e+02,
        -2.19761471e+02,  -1.96192368e+02,  -2.43803797e+02,
         1.41131619e+02,   1.34967348e+02,   2.02942428e+02,
         7.03872013e+01,   5.91618934e+01,   1.36733925e+02,
        -9.79722184e+01,  -1.76731115e+02,  -1.36660918e+02,
        -8.86594616e+01,  -2.06836333e+01,  -1.35245631e+02,
         1.93843191e+02,   1.07021134e+00,   1.48089763e+02,
         8.31624409e+01,   5.74979650e+01,   5.20616156e+01,
         6.11077866e+00,  -1.75815165e+02,  -8.47272976e+01,
        -1.91952519e+01,   2.60307894e+01,  -4.41249624e+01,
         1.67981910e+02,   1.45961165e+02,   7.59312047e+01,
         9.65595760e+01,  -1.28372075e+01,   5.99002071e+01,
        -1.98760977e+02,  -1.05248798e+02,  -1.52898566e+02,
        -6.76424451e+01,  -5.93651753e+01,  -8.96039077e+01,
         1.18740228e+02,   4.53972364e+02,   1.55559164e+02,
         9.06219185e+00,   1.27225265e+01,   2.06458381e+02,
        -2.14380184e+02,  -3.35286724e+02,  -1.38020190e+02,
         1.46910833e+01,  -4.31899785e+01,  -1.35564124e+02,
        -7.61955477e+03,  -2.77980390e+04,  -2.67231663e+04,
        -1.76310165e+04,  -8.97182340e+03,  -4.53975535e+04,
         7.87164816e+03,   7.49323384e+03,   9.18072541e+03,
        -8.86639281e+03,   8.32204802e+03,   7.50005545e+03,
         3.73809358e+03,   3.12134929e+04,  -1.53950896e+03,
        -5.70119007e+03,  -4.30018428e+03,   7.31421200e+03,
         4.79272904e+03,   8.63980739e+03,   6.56730479e+03,
         1.33775733e+03,   3.71195461e+03,   1.20167586e+04,
        -2.91325899e+03,   3.18411535e+03,  -7.53284770e+02,
         5.55860005e+03,  -3.28262310e+03,   2.30200211e+03,
        -4.39307819e+03,  -2.51794187e+04,  -2.01987457e+03,
         6.58942533e+03,   8.67804722e+02,  -7.34568047e+03,
        -3.33920293e+03,  -1.74509201e+03,  -2.85881286e+03,
         1.56880795e+02,  -2.84134310e+03,  -5.61277692e+03,
        -7.81740241e+01,  -1.18571665e+04,  -1.31151723e+03,
        -2.38592544e+03,   2.13304320e+03,  -5.84225422e+03,
         9.82010480e+03,   3.85149266e+04,   3.43793861e+03,
        -1.64211167e+04,   1.11789083e+03,   8.59597560e+03,
        -1.04868945e+03,   4.81733955e+03,  -2.05552430e+02,
        -5.51145580e+02,  -9.62773137e+02,   1.68244963e+03,
         4.17597442e+01,  -1.61673978e+03,   4.42024876e+01,
        -9.47341168e+01,   3.45122533e+02,  -5.91269211e+02,
        -1.67497576e+02,   8.28336663e+02,   5.81755524e+01,
         4.28531638e+01,  -1.31885294e+02,   4.14071659e+02,
         3.70452626e+00,  -3.02417489e+03,  -4.19339660e+01,
         2.24569488e+02,   4.95658269e+02,  -1.00094756e+03,
         1.19623036e+02,   9.80209634e+02,   4.68493237e+01,
         9.31926697e+01,  -1.67827157e+02,   3.60326586e+02,
         2.40081623e+02,  -5.42096042e+02,  -1.01963238e+02,
        -8.88795224e+00,   3.50186741e+01,  -3.51963918e+02,
        -1.36343917e+02,   3.71754756e+03,   2.61643261e+02,
        -1.58764084e+02,  -4.79354069e+02,   1.47401646e+03,
         2.75687808e+02,  -1.00109288e+03,  -1.78076369e+02,
        -1.60124092e+02,   1.11343430e+02,  -5.91302727e+02,
        -1.09212565e+03,   5.55642998e+02,   2.18972813e+02,
         5.99594462e+01,   5.04725009e+01,   8.37919865e+02,
         3.15958357e+02,   1.80107283e+03,  -2.05951475e+03,
         4.17512858e+03,  -1.24463590e+03,   3.89932631e+03,
        -9.73632679e-01,  -1.11901844e+03,   1.84959074e+02,
        -5.11349076e+02,   1.77124400e+02,  -1.06767221e+03,
         8.24268667e+02,   8.30481584e+02,   3.25268960e+02,
         1.32694472e+02,   9.67139611e+01,   4.16230037e+02,
         3.22064270e+02,  -3.68771862e+03,  -3.76040208e+02,
        -3.60082119e+03,   3.04060653e+02,  -5.66329977e+03,
        -8.66467159e+02,   2.50722455e+03,   1.01384307e+03,
        -5.85661177e+02,   1.91261081e+02,   1.42876340e+03,
        -8.49784658e+02,  -1.78908167e+03,  -1.02784548e+03,
         1.95834369e+02,  -2.10415532e+02,  -5.23277434e+02,
        -5.92082146e+03,   1.09998422e+04,  -1.95299161e+02,
         3.25765175e+03,  -2.36907943e+03,   8.44066990e+03,
         3.67621008e+03,  -7.71926125e+03,  -1.11731074e+03,
         4.31453746e+03,   1.07777566e+03,   7.64660514e+02,
         6.24461898e+03,   4.46937926e+03,   7.99777277e+02,
         1.18553251e+03,  -1.15759481e+03,  -2.06691667e+03]), array([ 3.55871257,  3.55813145,  3.55886954,  3.55826313,  3.55899731,
        3.55854988,  3.55815635,  3.5588934 ,  3.55914938,  3.55748547,
        3.5592975 ,  3.55809018,  3.55949763,  3.55824606,  3.55863507,
        3.55896202,  3.55908051,  3.55761827,  3.55668816,  3.55867231,
        3.55859286,  3.558727  ,  3.5578667 ,  3.55889503,  3.5587692 ,
        3.5595325 ,  3.55827181,  3.55759603,  3.55731067,  3.55857482,
        3.55782916,  3.55870968,  3.55773831,  3.55690721,  3.55871803,
        3.55979431,  3.55837908,  3.55881288,  3.55998488,  3.55838547,
        3.55942084,  3.55785045,  3.5578512 ,  3.55929886,  3.55852444,
        3.55720544,  3.55913103,  3.55913907,  3.5582985 ,  3.55795891,
        3.55814197,  3.55779127,  3.55977744,  3.55853969,  3.55886994,
        3.55940713,  3.55806973,  3.55985818,  3.55751424,  3.55877364,
        3.55782217,  3.55943786,  3.55830902,  3.55830406,  3.5585584 ,
        3.5581285 ,  3.55825347,  3.55964853,  3.55904115,  3.55879325,
        3.55883989,  3.55817194,  3.55867856,  3.55854325,  3.55938708,
        3.55946691,  3.55909145,  3.55851333,  3.5600737 ,  3.55879899,
        3.55887765,  3.55932576,  3.55960259,  3.55793499,  3.55846267,
        3.55838162,  3.55841021,  3.55786342,  3.55785063,  3.5570815 ,
        3.55998658,  3.55655091,  3.55886498,  3.55975198,  3.55808274,
        3.55816027,  3.55925133,  3.55748231,  3.55753433,  3.55968139,
        3.5584223 ,  3.55895797,  3.55847927,  3.55762765,  3.55966203,
        3.55941302,  3.55895548,  3.55816612,  3.55865712,  3.5574396 ,
        3.55843866,  3.55946313,  3.55915647,  3.55985033,  3.55857903,
        3.55899   ,  3.55860227,  3.55926982,  3.55768072,  3.55926077,
        3.55797545,  3.55754428,  3.55920278,  3.55898206,  3.5585388 ,
        3.55805914,  3.55918538,  3.55946192,  3.55801653,  3.5582234 ,
        3.55848213,  3.55766155,  3.55935238,  3.55827031,  3.55860001,
        3.55973445,  3.55904516,  3.55824928,  3.55850706,  3.558573  ,
        3.55854033,  3.5579733 ,  3.55901093,  3.55814746,  3.55879511,
        3.55896881,  3.55854705,  3.55842071,  3.55964776,  3.55890674,
        3.55814042,  3.55946332,  3.55925556,  3.55856414,  3.55932185,
        3.55984415,  3.55949125,  3.55921885,  3.55932603,  3.55948771,
        3.55870004,  3.55917413,  3.55773357,  3.55937013,  3.55767096,
        3.55748464,  3.55972004,  3.55925033,  3.55883171,  3.55885232,
        3.55738759,  3.55859509,  3.55952846,  3.55823162,  3.55848341,
        3.55844234,  3.55718251,  3.55883086,  3.55933646,  3.55809811,
        3.55856902,  3.55885867,  3.55752325,  3.55782542,  3.55755591,
        3.55915532,  3.558693  ,  3.55936711,  3.55930786,  3.55938265,
        3.55804556,  3.5586126 ,  3.55826432,  3.55838454,  3.55945948,
        3.55950881,  3.55804193,  3.55842134,  3.55871555,  3.55728195,
        3.55909715,  3.55828449,  3.55907577,  3.55922002,  3.55834907,
        3.55769044,  3.5583766 ,  3.55809604,  3.55900664,  3.55834691,
        3.55864528,  3.55868873,  3.55797587,  3.55921816,  3.55892946,
        3.55826433,  3.5590321 ,  3.5575499 ,  3.55793861,  3.55858586,
        3.557698  ,  3.55787323,  3.55821485,  3.55799782,  3.55860999,
        3.55909022,  3.55851175,  3.5584248 ,  3.56002095,  3.55892457,
        3.55747479,  3.55796778,  3.56013077,  3.55887666,  3.55907057,
        3.55777243,  3.55888171,  3.55780031,  3.55838008,  3.55961786,
        3.55959532,  3.55955855,  3.55908866,  3.55821029,  3.55940111,
        3.55797955,  3.55925413,  3.55928421,  3.5580268 ,  3.55876884,
        3.55846816,  3.55890755,  3.55845655,  3.55755657,  3.55913895,
        3.55853768,  3.55832696,  3.55807585,  3.55943016,  3.55814751,
        3.55907327,  3.55890677,  3.55820326,  3.5586017 ,  3.55844858,
        3.55789595,  3.5581286 ,  3.55927919,  3.55939595,  3.55863617,
        3.55910628,  3.55806657,  3.55815444,  3.55944431,  3.55809277,
        3.55883506,  3.55848127,  3.55970557,  3.56002736,  3.55830485,
        3.55748358,  3.55851311,  3.55920232,  3.55807586,  3.55837992,
        3.55869754,  3.55813056,  3.55913501,  3.55832245,  3.55733467,
        3.55998297,  3.55935799,  3.55782917,  3.55813943,  3.55869809,
        3.55878499,  3.55793604,  3.55988422,  3.56008963,  3.55865669,
        3.55825815,  3.55985592,  3.55848472,  3.55981312,  3.55811833,
        3.55912198,  3.56013197,  3.55915208,  3.55793604,  3.55782808,
        3.55862226,  3.55860002,  3.55940796,  3.55879405,  3.55937347,
        3.55827023,  3.55938012,  3.55875213,  3.56009856,  3.55920437,
        3.55960094,  3.55906905,  3.55883425,  3.55869338,  3.55747496,
        3.55872007,  3.55920261,  3.55860248,  3.55870474,  3.55878601,
        3.55815091,  3.55922844,  3.55751112,  3.55781373,  3.55916387,
        3.55913335,  3.55839345,  3.55847091,  3.56040766,  3.55880757,
        3.55841973,  3.55858073,  3.5594597 ,  3.55885228,  3.5584441 ,
        3.55831231,  3.55946435,  3.55818822,  3.56024265,  3.55885898,
        3.55936562,  3.55899472,  3.55900982,  3.55950534,  3.55859529,
        3.55835295,  3.55830121,  3.55830649,  3.55865505,  3.55735572,
        3.5578087 ,  3.55863964,  3.55741891,  3.55918567,  3.55842778,
        3.55957337,  3.5578751 ,  3.55873916,  3.55911945,  3.55928406,
        3.55864317,  3.55877356,  3.55856793,  3.55907479,  3.56015658,
        3.55872045,  3.55857536,  3.55859677,  3.55983163,  3.55865423,
        3.55737786,  3.55802578,  3.55862234,  3.55919194,  3.55991505,
        3.56002525,  3.55752213,  3.55790243,  3.55931856,  3.55989486,
        3.55763762,  3.55964178,  3.55881979,  3.55870199,  3.55955221,
        3.55816213,  3.5596552 ,  3.5590985 ,  3.55878464,  3.55967345,
        3.55924675,  3.55800662,  3.5585617 ,  3.55809194,  3.55819173,
        3.55921623,  3.55831774,  3.55809705,  3.5593804 ,  3.55856084,
        3.55878934,  3.5590992 ,  3.55774614,  3.55898718,  3.55952612,
        3.55872077,  3.5589784 ,  3.55993351,  3.55874023,  3.55888467,
        3.55795496,  3.55889171,  3.55861533,  3.55980772,  3.55921575,
        3.55861604,  3.55809522,  3.55756501,  3.55895055,  3.55899244,
        3.55814465,  3.5577412 ,  3.5581292 ,  3.55797607,  3.55931828,
        3.56016028,  3.55873337,  3.55837741,  3.55849541,  3.55812755,
        3.55926109,  3.55844748,  3.5584943 ,  3.55821386,  3.55880854,
        3.55777436,  3.5581083 ,  3.55852925,  3.55907879,  3.55822043,
        3.55986139,  3.55835269,  3.55862101,  3.55948977,  3.5591714 ,
        3.55719598,  3.55867116,  3.55800849,  3.559676  ,  3.55933727,
        3.55883746,  3.55953971,  3.55825361,  3.5592272 ,  3.55952013,
        3.5594512 ,  3.5577507 ,  3.55722716,  3.55877791,  3.55980671,
        3.5578202 ,  3.55769689,  3.55689436,  3.55893501,  3.5576885 ,
        3.55815647,  3.55831954,  3.55866852,  3.55887222,  3.5598622 ,
        3.55773377,  3.55893075,  3.55959589,  3.55834597,  3.55867906,
        3.55912668]), {'maxiter': 10}, <cma.CMAEvolutionStrategy object at 0x7f08cc750198>, <cma.CMADataLogger object at 0x7f08cc750470>)