[  5.30881654e+05  -1.95327073e+06   3.21399151e+05  -5.79955836e+05
   4.70177744e+05  -1.39620069e+06  -6.54108354e+05   9.30636604e+05
  -3.29681831e+05   2.83187992e+05  -3.55862259e+05   6.44468721e+05
   8.94541456e+05  -5.95766140e+05   3.71488411e+05  -8.99342419e+04
   3.14201653e+05  -3.94114555e+05  -2.52331532e+05   7.04597128e+05
  -1.36125594e+05   2.10323644e+05  -1.89416228e+05   4.95220112e+05
   3.14665562e+05  -3.36372187e+05   1.42330782e+05  -8.90308551e+04
   1.48192119e+05  -2.17870220e+05  -4.21522866e+05   2.17662641e+05
  -1.68093418e+05   1.49580761e+04  -1.37091252e+05   1.28716297e+05
   1.83899786e+05  -3.83224668e+05   9.00159289e+04  -1.14645659e+05
   1.16757163e+05  -2.65513498e+05  -2.27563321e+05   1.81326333e+05
  -9.62056254e+04   4.03261091e+04  -9.47547121e+04   1.08935494e+05
   2.99325054e+05  -1.18312223e+05   1.18566458e+05   2.19482526e+03
   9.20777574e+04  -6.11557049e+04   4.95858954e+03   2.02675364e+03
   3.92183632e+03   2.12435881e+03   1.46634420e+03   2.61523664e+03
  -2.22078534e+03  -1.98431294e+03  -1.78182798e+03  -2.37742462e+03
  -4.95178553e+02  -3.04056067e+03   3.95304464e+03   1.09295632e+03
   1.39874426e+03   2.55973342e+03   6.77107324e+02   2.55953748e+03
  -8.01897366e+02  -9.73114908e+02  -1.35099719e+03  -8.09544470e+02
  -3.82604551e+02  -1.27479301e+03   5.81202686e+02   7.61128406e+02
   7.28203252e+02   8.47713750e+02   2.02940453e+02   1.19396591e+03
  -1.48917678e+03  -4.33186908e+02  -7.55935877e+02  -7.19239405e+02
  -3.98621440e+02  -8.99562525e+02   2.30832419e+02   4.90038895e+02
   7.68055199e+02   4.15112230e+02   2.21639517e+02   7.34779184e+02
  -3.68093912e+02  -3.19082028e+02  -5.18928581e+02  -4.17696091e+02
  -1.92225195e+02  -6.16538380e+02   9.81269325e+02   1.63680968e+02
   6.17227074e+02   3.06861654e+02   3.51171164e+02   4.58376349e+02
  -1.11381360e+03   1.44234640e+03  -4.28396132e+02  -6.74948900e+02
  -3.45836886e+02   3.18232548e+02   1.54038402e+03  -1.55142880e+03
   9.52922433e+02   7.26724691e+02   5.10286796e+02  -5.11442945e+02
  -1.81878538e+03   1.35487403e+03  -7.08654216e+02  -1.20567291e+03
  -4.45969287e+02  -7.46332908e+01   1.02215865e+03  -2.26835823e+03
   4.38123030e+02   3.74494234e+02   4.02780399e+02  -1.06796365e+03
  -1.02339944e+03   2.16282374e+03  -6.22280110e+02  -3.79090025e+02
  -4.06678110e+02   1.09917704e+03   1.31036451e+03  -1.86537584e+03
   4.77465351e+02   9.54447293e+02   3.82799595e+02  -3.47757405e+02
  -6.88908521e+02   1.44107183e+03  -3.55668500e+02  -2.59652855e+02
  -2.91620696e+02   6.28909847e+02   7.77575824e+02  -1.52289761e+03
   4.69522713e+02   3.31869845e+02   3.21190179e+02  -6.54879536e+02
  -1.18151412e+03   1.83422639e+03  -5.18238371e+02  -7.94539013e+02
  -4.12242717e+02   3.97686475e+02  -1.79088025e+04  -2.38036893e+04
   1.21603988e+04  -6.05485899e+03   9.12035520e+03  -9.43195953e+03
  -1.81386534e+03   1.48943610e+04  -7.03188410e+03  -2.53908992e+03
  -1.82240682e+03   1.15093995e+04  -4.13347537e+03   2.21310464e+04
   1.09112215e+04  -1.73001915e+02  -2.23522933e+03   4.40876162e+03
   4.98411420e+03   9.86776027e+03  -4.85907880e+03   1.20040855e+03
  -2.97628027e+03   4.84678107e+03   1.88271875e+03  -3.28276597e+03
   3.16637778e+03   2.00869847e+03  -1.63523435e+02  -4.04835570e+03
   3.30370706e+03  -1.89496508e+04  -6.10704566e+03   1.04497250e+03
   1.95472305e+03  -5.47062002e+03  -2.33797501e+03  -4.63784491e+03
   3.16365533e+03  -3.40127187e+02   1.36551458e+03  -2.77858860e+03
  -9.28013187e+02  -1.97173425e+03  -2.52545953e+03  -1.20757407e+03
   6.86548365e+02   1.03042676e+03  -4.81334419e+03   2.21724963e+04
   5.60248039e+03  -2.64411191e+03  -1.83777388e+03   7.47251105e+03
  -9.78398847e+02   1.18044659e+03   8.70898237e+02  -3.86870062e+02
   7.95414567e+01   4.23981296e+02   9.44940671e+00  -2.74412352e+02
  -4.61782553e+02  -6.46920524e+01   8.22047383e+00   9.18986921e+01
   2.49441895e+02   1.26096309e+02   3.57397834e+02   1.09666237e+02
   7.17910893e+01   2.01042201e+01   3.32344838e+02  -5.70916154e+02
  -4.12763057e+02   4.26378700e+01   8.95410107e-01  -2.09996334e+02
   2.22892158e+02   8.65313035e+01   2.56469820e+02   6.16886226e+01
  -9.42282574e+00  -1.56109533e+02  -2.26534941e+02  -8.36202545e+01
  -2.79652622e+02  -2.73139161e+01  -8.30936464e+01  -1.27959570e+01
  -1.22695403e+02   3.83787260e+02   3.28776619e+02  -2.96754989e+01
   7.84445281e+00   7.17474044e+01  -3.07363726e+02  -4.87951359e+01
  -2.68623541e+02   5.11010518e+01  -4.81382400e+01   2.30065043e+02
   1.84926932e+02   1.22849969e+02   3.58809049e+02  -5.51584068e+01
   1.58940604e+02   1.00339149e+02  -1.09154291e+03   3.59178962e+02
  -6.66787266e+02  -2.02857769e+02  -3.64984827e+02   6.98411970e+01
   3.90852752e+02   3.98102320e+01   3.79441970e+02   7.49737376e+01
   1.69371827e+02   9.00308217e+01  -1.81150722e+02  -1.48125232e+02
  -2.17575511e+02  -2.50294178e+00  -7.26473660e+01  -5.70680242e+01
   7.25990790e+02  -1.45703783e+02   4.87642673e+02   9.85534538e+01
   2.48080478e+02  -4.56479777e+01  -2.11901869e+02  -2.82897978e+02
  -2.54701353e+02  -1.93158924e+00  -7.10581732e+01  -1.22180681e+02
   2.15183764e+02   3.77745524e+02   1.08443982e+02  -1.06682753e+02
   1.84487490e+00   1.15972365e+01  -6.69904794e+02   6.30288871e+01
  -3.51753252e+02  -3.55744954e+01  -2.05393071e+02   2.36153677e+01
   4.06362803e+02   6.37109032e+02   1.81787666e+02  -9.44900431e+01
   7.26075614e+01   2.44207767e+02  -2.92315927e+02  -8.45047596e+02
  -2.32848638e+01   5.07685845e+02   8.18840685e+00   2.47110572e+01
   1.91272715e+04  -2.78095724e+03  -1.50364945e+04  -1.31225666e+04
  -8.11530333e+03  -3.53631835e+04   5.55700518e+02   8.73543200e+03
   6.07599751e+03  -4.24079226e+03   3.78231500e+03   6.37878433e+03
   5.23849505e+03   1.72719215e+04  -9.64934022e+02  -4.94106775e+03
  -1.65209611e+03   2.73839008e+03  -2.65392036e+03   3.54867707e+03
   4.51725034e+03   2.41457964e+03   3.48179865e+03   1.24866859e+04
  -2.75081961e+03  -1.36767830e+03  -7.81438253e+02   3.67879296e+03
  -1.52643315e+03   1.26404335e+03  -4.75475234e+03  -1.94927404e+04
  -2.03222308e+03   6.01031396e+03   2.51034619e+02  -4.55397993e+03
   6.34515542e+02  -1.06938006e+02  -1.30100782e+03  -1.03401612e+03
  -2.04673483e+03  -5.99172399e+03   8.72275359e+01  -5.67303399e+03
  -1.16794178e+03  -1.04274383e+03   5.75572254e+02  -3.56559085e+03
   1.04803446e+04   2.94195471e+04   3.78998048e+03  -1.21883297e+04
   8.25306172e+02   4.23318475e+03   1.31953650e+03   2.48681870e+03
  -1.01815595e+03  -4.86974294e+02  -1.43521887e+02   1.55659028e+03
  -3.25020065e+02  -1.16349871e+03   1.88103290e+02   9.46599427e+01
   1.46289941e+02  -5.07969663e+02  -1.91835734e+02   5.52132054e+02
  -3.14374743e+00  -2.58001484e+01  -6.70125315e+01   3.45625075e+02
  -1.20131051e+03  -2.23139754e+03   4.25885900e+02   4.66532869e+02
   1.04488482e+02  -9.68339748e+02   8.97918996e+00   1.08857015e+03
   2.81884148e+01  -1.11068450e+02  -1.60314079e+02   3.49740687e+02
   5.76806542e+02  -5.07559714e+02  -7.90133390e+01   1.91278875e+01
   7.32166159e+01  -3.51823244e+02   2.34364214e+02   2.95048024e+03
  -1.65960480e+02  -4.90686045e+02  -2.49713130e+02   1.29558078e+03
   1.08763711e+03  -1.37922294e+03  -1.78644032e+02   4.83611190e+01
   2.82911218e+02  -6.01253067e+02  -1.86518796e+03   4.99642727e+02
   1.65784902e+02   1.65408447e+02  -1.34996529e+02   8.27626032e+02
   4.64152229e+03  -5.64311546e+03  -5.95360232e+03   9.49722850e+03
  -1.19592462e+03   5.28953108e+03  -1.22669793e+03   1.82812490e+02
   1.85360427e+03  -1.90363721e+03   1.71683145e+02  -2.34131255e+03
  -7.53729948e+01   1.10432449e+03  -5.75754236e+02   6.83717328e+02
  -2.04337854e+02   1.49503439e+03  -6.99750903e+03   3.94163456e+03
   5.69716034e+03  -1.05192778e+04   3.90683932e+02  -8.83938031e+03
  -8.94242888e+02   3.39734285e+03  -1.93253979e+03   1.00369919e+03
  -2.29130463e+02   5.00873758e+03   2.84097343e+03  -4.57535031e+03
   5.65801252e+02  -6.04829728e+02   8.49006492e+02  -3.57435225e+03
  -1.01492163e+04   1.17957981e+04  -1.83219407e+04   1.65250886e+04
  -7.11882153e+03   2.71145602e+04   1.97817388e+04  -2.20445831e+04
   8.98248376e+03  -6.03696850e+01   5.83950278e+03  -1.71004153e+04
  -1.73527492e+04   2.11322959e+04  -4.55235653e+03   3.43089960e+03
  -7.11644411e+03   1.20870642e+04]