[[-342492.13607156   73876.21018977 -131151.42103829  -75629.76890955
   -76688.7954237    34742.17126995]
 [  93926.01868582 -890753.82771659  141069.45254979 -252061.88321644
   225581.02322245 -564401.86981639]
 [ -96502.99423862  367077.92313477 -114386.11027522   52603.34484166
  -147123.30832279  103785.43250761]
 ..., 
 [   8301.90021133  -47591.55346131 -217773.85376072   50243.274616
   -13564.05164766  176358.11811025]
 [-112622.52661133  165072.65797806  250962.43608284  124879.61629629
   -41861.1782856    -8515.65797806]
 [ 170344.01191711 -286048.73744392 -198997.47801208 -233520.99441338
    88047.89236259 -159332.41594133]]