[[-382277.50068617   11458.75849506 -130203.30308926  105372.74548832
  -123783.28022933   65557.59757696]
 [  -2915.22507572  651464.01821125 -140373.55209047  -89313.48440574
  -111419.48603302  222879.99828034]
 [  93626.88159466 -298335.14912042  109929.47268558   62807.76206365
    59852.59235787 -125397.08544889]
 ..., 
 [ -65071.82046294  182251.7634889  -181451.41301286   59376.70173468
  -122928.37238467   80512.87045066]
 [ -43776.21487808 -494914.6248329   405462.61839581  -99120.63088751
   255268.0641346  -190967.47710514]
 [  31554.53552818  250719.17264211 -209508.33193684   50493.19306636
  -130424.35447407   96438.29398847]]