(array([ -1.00000155e+00,  -1.00000030e+00,  -1.00000036e+00,
        -9.99999169e-01,   7.53422278e-02,  -1.00000034e+00,
        -3.14465213e-01,   4.18197932e-01,  -4.71603752e-02,
         8.94466898e-01,  -9.24783306e-01,   6.23638361e-01,
         5.56507792e-01,  -2.44043265e-01,   3.11674502e-01,
        -2.97265709e-01,   9.99999083e-01,  -3.24239985e-01,
         3.06734688e-01,   5.85950813e-01,   4.27030481e-01,
         7.62193557e-01,  -3.62498273e-01,   6.60257064e-01,
         3.43380587e-01,  -2.48497712e-01,   1.20968433e-01,
        -5.16835447e-01,   7.31675574e-01,  -3.72409148e-01,
        -4.34716381e-01,   1.46591576e-01,  -2.54711579e-01,
         1.11355834e-01,  -7.28588661e-01,   1.73310367e-01,
        -2.62806527e-02,  -4.35686282e-01,  -1.98589110e-01,
        -6.40615955e-01,   5.03451928e-01,  -5.25512460e-01,
        -3.75318612e-01,   1.86327684e-01,  -1.64622883e-01,
         3.48202542e-01,  -6.91861036e-01,   2.69183139e-01,
         4.06979843e-01,  -1.11174943e-01,   2.49088577e-01,
        -7.68531440e-03,   6.56405588e-01,  -1.05067081e-01,
         3.53271728e-03,   1.37548960e-03,   8.35301321e-04,
         2.50206135e-03,   1.60238821e-03,   2.46566039e-03,
        -1.68528918e-04,  -6.14347128e-04,   5.00410196e-04,
        -1.05938200e-03,   1.32416945e-03,  -8.90929518e-04,
         4.28994677e-04,   2.52573483e-04,  -1.03067318e-04,
        -1.37006633e-03,   3.54462020e-04,   1.23275553e-04,
        -9.92018356e-04,  -7.37813303e-04,  -1.46147691e-04,
        -7.52031709e-04,  -3.08715383e-05,  -1.13095076e-03,
        -8.82373656e-05,   3.22123519e-04,  -2.71131532e-04,
        -8.68152959e-05,  -7.32653612e-04,   2.86591276e-04,
        -2.97527895e-04,  -1.66632972e-04,  -4.17789850e-05,
         1.37685085e-03,  -4.10766284e-04,   3.53854782e-05,
         3.85182881e-04,   4.60556170e-04,  -1.13138599e-05,
         1.78643610e-04,  -1.78527840e-04,   6.36503426e-04,
         2.10994454e-05,  -1.90621503e-04,   1.47337047e-04,
         4.38757044e-04,   3.34562759e-04,  -8.49584230e-05,
         4.03746510e-04,   1.28761881e-04,   1.18442043e-04,
        -1.37199271e-03,   5.55990346e-04,  -1.09488971e-04,
        -4.45344014e-03,  -3.13606051e-03,   5.25802141e-04,
        -2.87218355e-03,   1.51772279e-03,  -4.52376104e-03,
        -5.29237549e-04,   1.20598011e-03,  -2.30800676e-03,
         2.15458323e-03,  -5.67572865e-03,   1.05821559e-03,
        -3.57204601e-04,  -2.04234046e-04,   6.83300194e-04,
         4.64989061e-03,  -9.83489563e-04,   2.15855822e-04,
         5.18047924e-04,   3.88349894e-04,  -8.01502827e-04,
        -3.20633773e-04,  -1.44381957e-03,   2.63318226e-05,
         1.05802114e-03,   2.06837736e-04,   1.32049628e-03,
         1.22517683e-03,   2.29369836e-03,   9.79747041e-04,
         1.87724372e-04,  -4.85438166e-04,   2.81340065e-04,
        -5.30266210e-03,   3.64910581e-03,  -5.65876805e-04,
         3.37599287e-06,  -4.41882960e-05,   2.49160467e-04,
         1.28035101e-04,   3.54019377e-04,   1.73552232e-05,
        -5.28369167e-04,  -1.24709825e-04,  -1.28655735e-04,
        -2.64379450e-04,   8.56843806e-05,   4.41695703e-05,
        -7.28364356e-04,   2.44025738e-05,  -1.95496436e-03,
         9.76874630e-04,  -5.97870276e-03,  -1.95520098e-03,
        -1.91814888e-02,  -6.21013743e-03,  -2.51774981e-03,
        -1.10668936e-02,   1.76252308e-02,   1.02940805e-03,
         1.17835255e-03,   2.32555002e-03,  -3.39234301e-03,
        -6.08808026e-03,  -4.61554879e-03,   2.27615433e-03,
        -2.86575835e-04,   2.80158468e-03,   7.56006087e-03,
        -1.41147115e-03,   5.24905837e-04,  -5.99095802e-04,
         8.29686812e-03,   3.97519145e-03,  -8.13451769e-04,
         1.67383718e-03,  -1.04363353e-02,   7.71972530e-04,
         7.80639958e-04,  -8.99392862e-04,   3.99515501e-03,
         6.12680983e-03,   2.11316192e-03,  -1.76205443e-03,
         1.13405779e-04,  -3.24111810e-03,  -6.93382161e-03,
         3.62231376e-03,   2.65271638e-04,   4.31812675e-04,
        -4.83477437e-03,  -2.52258508e-03,   2.70671831e-03,
         4.46286691e-04,   7.47341509e-03,  -1.19915828e-03,
        -9.06995095e-04,  -3.88402143e-04,  -4.92732129e-03,
        -4.06503676e-03,  -8.27423871e-04,   1.40024687e-03,
        -1.01836206e-03,   4.59119230e-03,   7.70290459e-03,
        -9.04705257e-03,  -7.83481226e-04,  -2.99868899e-04,
        -1.11130229e-04,   1.05682182e-04,   3.35072674e-04,
        -2.91599517e-04,   2.10987366e-04,   3.43540307e-05,
         3.69496493e-06,   2.03063859e-05,  -9.58516894e-05,
        -5.75269667e-05,   1.31297906e-05,   8.90962948e-05,
        -4.55772317e-06,  -1.70549014e-05,   5.81888314e-05,
        -4.35915244e-05,   5.98027943e-05,  -4.56865900e-05,
         7.66674161e-05,  -5.75523952e-05,  -2.02218341e-04,
         1.72491654e-04,  -6.84086086e-05,   2.90085296e-05,
         2.38956269e-05,  -2.95458903e-05,   5.53330911e-05,
        -2.72466765e-06,  -1.31431375e-05,  -1.17984487e-04,
         1.46250196e-05,   5.72511083e-06,  -5.03743579e-05,
         6.79358323e-05,  -6.89578881e-05,   1.84957465e-05,
        -7.12335504e-05,   3.87081540e-05,   1.73871463e-04,
        -1.65476206e-04,   3.91884952e-05,  -5.50457031e-05,
        -2.64586058e-05,   2.37146973e-05,  -7.14637139e-05,
         3.32523833e-05,  -1.30794951e-05,   1.05114751e-04,
        -7.48892627e-05,   1.39701329e-05,   6.68701016e-05,
        -2.00266719e-05,   8.95881647e-05,   6.25359164e-05,
         4.78712067e-04,   1.27400814e-04,   2.63254373e-04,
        -1.45406754e-04,   3.81828600e-04,   7.28033965e-05,
        -1.28600083e-04,  -8.45072213e-05,   3.38057761e-04,
        -5.40721539e-04,   5.50175649e-04,  -1.69369489e-04,
         6.31913566e-05,   2.35499564e-05,  -9.43598666e-05,
         9.14468589e-06,  -1.44464548e-05,   8.34678246e-05,
        -1.30020421e-04,   4.74733601e-05,   7.48974861e-05,
         7.95154641e-06,  -7.79901741e-06,   7.43983629e-05,
        -5.72763178e-05,  -6.04597238e-05,  -3.31015218e-04,
         2.69335216e-04,  -3.44445973e-04,   1.06911103e-05,
         1.51150888e-04,   5.24040177e-05,  -1.01225714e-04,
         5.72917646e-04,  -5.41653771e-04,  -4.29120611e-05,
         1.84693170e-05,  -6.16333778e-05,  -2.31872408e-05,
         2.15510191e-04,   4.84282238e-05,   3.37974318e-06,
         1.00230413e-04,   6.21986524e-05,   3.24089924e-05,
        -5.20218021e-04,  -1.96051756e-05,  -1.41279060e-04,
        -1.31089230e-04,   7.14118113e-05,   6.48149495e-04,
         3.54779947e-04,   1.20144950e-03,   6.31864750e-04,
        -1.93160153e-03,  -5.23783426e-03,  -8.34847645e-03,
        -5.13198006e-03,   1.22305972e-03,  -4.87062686e-03,
        -4.00487109e-04,   3.08896028e-03,   4.02570473e-03,
        -2.05612921e-03,   8.93559601e-04,   3.01947741e-03,
        -6.39571887e-04,   1.11497701e-04,  -2.43827851e-03,
        -3.87134563e-04,  -2.03601391e-03,   7.37704095e-04,
         6.57099772e-04,   3.84590393e-03,   5.16621134e-03,
         4.74230296e-04,   1.19683106e-04,   3.87432923e-03,
         5.18845652e-04,  -1.61345106e-03,  -2.39974611e-03,
         2.25788087e-03,  -1.40619679e-03,  -1.61665307e-03,
         7.48814217e-04,  -1.30431927e-03,   1.34603450e-03,
         1.41790879e-03,   2.21674900e-03,  -1.79597345e-03,
        -3.41757717e-04,  -2.64723200e-03,  -3.93009205e-03,
         1.75974206e-04,  -9.24615698e-04,  -2.78883261e-03,
        -3.09329881e-04,   2.22713143e-04,   1.70294134e-03,
        -9.24147648e-04,   1.92096738e-03,   1.87297425e-04,
        -1.41892455e-03,   3.04332170e-03,  -8.23594233e-04,
        -4.45650229e-03,  -2.66463673e-03,   3.57998189e-03,
         4.25721727e-04,   4.72592184e-04,   3.11916561e-04,
         7.26992189e-04,  -1.86628148e-04,   6.99874453e-04,
        -3.59000851e-05,  -1.07495076e-04,  -8.30358586e-05,
        -1.33743416e-05,   1.32938348e-04,  -5.26462749e-05,
        -3.45379512e-05,   1.81630694e-05,   2.13862412e-05,
        -4.40521649e-05,  -4.56869614e-05,  -1.14970654e-05,
        -3.41867888e-04,  -4.12820083e-04,  -2.97853293e-04,
        -2.51316275e-04,   1.69914649e-04,  -4.42265971e-04,
        -7.29289280e-05,   6.39768389e-05,   5.23474213e-05,
        -2.11211529e-04,  -1.46070935e-04,  -5.81277174e-05,
         1.03503537e-04,   1.01117482e-05,   1.14230569e-05,
         9.79800343e-05,   4.84055985e-05,   3.97224653e-05,
         7.70347151e-05,   3.87456166e-04,   2.32842936e-04,
        -9.84130418e-05,  -2.91501891e-04,   3.34607307e-04,
         3.11673415e-04,  -2.72501113e-06,   3.29321056e-05,
         3.63830343e-04,   2.29654338e-04,   1.47747457e-04,
        -2.69467512e-04,  -8.13655982e-05,  -1.09599529e-04,
         5.23286681e-05,  -7.96114168e-05,  -5.40702278e-06,
         2.37643642e-03,   1.84101214e-02,  -3.77097922e-02,
         3.47336569e-02,  -4.58683863e-02,   4.08579207e-02,
        -1.50965378e-03,  -5.22477364e-04,   2.74360986e-03,
         3.27549361e-03,  -1.36380110e-03,  -2.21295376e-03,
         1.18524918e-03,  -6.62729206e-04,  -6.55363016e-04,
         6.00422084e-04,   6.51132695e-04,  -6.16411219e-04,
         2.65186249e-03,  -9.78227673e-03,   1.81734292e-02,
        -1.77854519e-03,   1.61473333e-02,  -2.21648372e-02,
         2.85036434e-04,  -5.27171536e-03,   7.53484312e-03,
        -1.99688888e-02,   1.77945660e-02,  -9.86924797e-03,
        -2.30671995e-03,   2.75839171e-03,  -4.39829406e-04,
        -4.48763327e-03,  -8.06864526e-04,   4.46580872e-03,
         1.61724686e-03,   3.23559664e-03,  -1.05828235e-02,
        -5.25146744e-03,  -3.58559767e-03,   8.71650236e-03,
        -1.03387475e-02,   1.14907816e-02,  -9.74612310e-03,
         1.01507913e-02,  -2.13534264e-02,   2.18872799e-02,
         1.88359105e-02,  -1.55370328e-03,  -1.71302221e-02,
         6.73303510e-02,  -3.38233086e-02,   4.47071716e-04]), -298.78666498899571, 2376, 2401, 30, array([ -1.00000206e+00,  -1.00000132e+00,  -9.99999349e-01,
        -9.99999530e-01,   7.53426351e-02,  -1.00000021e+00,
        -3.14465956e-01,   4.18197874e-01,  -4.71601626e-02,
         8.94466443e-01,  -9.24782566e-01,   6.23638159e-01,
         5.56509377e-01,  -2.44042583e-01,   3.11673284e-01,
        -2.97265400e-01,   9.99999832e-01,  -3.24240741e-01,
         3.06735756e-01,   5.85950406e-01,   4.27031242e-01,
         7.62193419e-01,  -3.62499504e-01,   6.60256107e-01,
         3.43381281e-01,  -2.48497843e-01,   1.20967759e-01,
        -5.16834499e-01,   7.31675519e-01,  -3.72407882e-01,
        -4.34716751e-01,   1.46590913e-01,  -2.54711565e-01,
         1.11356104e-01,  -7.28589941e-01,   1.73310283e-01,
        -2.62801988e-02,  -4.35687018e-01,  -1.98589904e-01,
        -6.40616157e-01,   5.03453024e-01,  -5.25511611e-01,
        -3.75317880e-01,   1.86328873e-01,  -1.64623429e-01,
         3.48202735e-01,  -6.91861062e-01,   2.69183942e-01,
         4.06979842e-01,  -1.11176075e-01,   2.49089278e-01,
        -7.68399353e-03,   6.56405817e-01,  -1.05065391e-01,
         3.53104861e-03,   1.37490602e-03,   8.35447452e-04,
         2.50203701e-03,   1.60138250e-03,   2.46486087e-03,
        -1.68844844e-04,  -6.14254056e-04,   5.00440295e-04,
        -1.05876231e-03,   1.32456347e-03,  -8.90370299e-04,
         4.28779466e-04,   2.51799798e-04,  -1.01990869e-04,
        -1.37116875e-03,   3.56344953e-04,   1.24237477e-04,
        -9.91449735e-04,  -7.37171316e-04,  -1.46910492e-04,
        -7.52897721e-04,  -3.20662893e-05,  -1.13081681e-03,
        -8.91264108e-05,   3.21718731e-04,  -2.71166848e-04,
        -8.74792419e-05,  -7.33130720e-04,   2.87900748e-04,
        -2.98155042e-04,  -1.68287594e-04,  -4.20217310e-05,
         1.37609256e-03,  -4.09953953e-04,   3.34717838e-05,
         3.84445986e-04,   4.60176280e-04,  -1.07065275e-05,
         1.79026693e-04,  -1.77934878e-04,   6.36253292e-04,
         2.18556021e-05,  -1.90612528e-04,   1.46161111e-04,
         4.38160512e-04,   3.34740212e-04,  -8.46482261e-05,
         4.04389476e-04,   1.28715278e-04,   1.18154530e-04,
        -1.37125282e-03,   5.56154938e-04,  -1.10962775e-04,
        -4.45360707e-03,  -3.13617475e-03,   5.26113834e-04,
        -2.87195592e-03,   1.51616714e-03,  -4.52203461e-03,
        -5.29712200e-04,   1.20562353e-03,  -2.30688556e-03,
         2.15368541e-03,  -5.67653773e-03,   1.05827897e-03,
        -3.58086100e-04,  -2.03849640e-04,   6.83834369e-04,
         4.65001555e-03,  -9.83492873e-04,   2.14579975e-04,
         5.18014776e-04,   3.87739581e-04,  -8.00567216e-04,
        -3.19624896e-04,  -1.44403841e-03,   2.65986456e-05,
         1.05784685e-03,   2.06840185e-04,   1.32106107e-03,
         1.22513033e-03,   2.29486332e-03,   9.80961137e-04,
         1.88081482e-04,  -4.86630243e-04,   2.81721084e-04,
        -5.30319436e-03,   3.64823685e-03,  -5.65419581e-04,
         3.30556198e-06,  -4.38336596e-05,   2.48691012e-04,
         1.27624372e-04,   3.53596084e-04,   1.60995729e-05,
        -5.28276659e-04,  -1.24977054e-04,  -1.28467894e-04,
        -2.64575005e-04,   8.56527432e-05,   4.40343414e-05,
        -7.26087367e-04,   2.53842614e-05,  -1.95447272e-03,
         9.77520152e-04,  -5.97945911e-03,  -1.95467214e-03,
        -1.91825683e-02,  -6.20984689e-03,  -2.51896369e-03,
        -1.10674041e-02,   1.76254882e-02,   1.02896828e-03,
         1.17902532e-03,   2.32634777e-03,  -3.39180402e-03,
        -6.08770066e-03,  -4.61476303e-03,   2.27810298e-03,
        -2.85792611e-04,   2.80102059e-03,   7.55992121e-03,
        -1.41003380e-03,   5.24689222e-04,  -6.01254667e-04,
         8.29644749e-03,   3.97522578e-03,  -8.14470626e-04,
         1.67317610e-03,  -1.04364947e-02,   7.72499232e-04,
         7.79133027e-04,  -8.98592960e-04,   3.99517055e-03,
         6.12640234e-03,   2.11157424e-03,  -1.76218552e-03,
         1.13068827e-04,  -3.24248980e-03,  -6.93398264e-03,
         3.62285072e-03,   2.66191891e-04,   4.33781615e-04,
        -4.83689498e-03,  -2.52298195e-03,   2.70691400e-03,
         4.46249361e-04,   7.47314547e-03,  -1.19896528e-03,
        -9.07127307e-04,  -3.87146457e-04,  -4.92671637e-03,
        -4.06557439e-03,  -8.28640563e-04,   1.40098334e-03,
        -1.01845740e-03,   4.59098238e-03,   7.70348650e-03,
        -9.04651837e-03,  -7.85417971e-04,  -3.00057449e-04,
        -1.12217531e-04,   1.05470496e-04,   3.33167130e-04,
        -2.91400790e-04,   2.10896692e-04,   3.39801995e-05,
         2.58179826e-06,   2.03722306e-05,  -9.64707461e-05,
        -5.67532555e-05,   1.31583123e-05,   9.08945253e-05,
        -3.98118156e-06,  -1.60018816e-05,   5.66341181e-05,
        -4.43271780e-05,   5.92640547e-05,  -4.58251205e-05,
         7.79582876e-05,  -5.80020622e-05,  -2.01674512e-04,
         1.72373624e-04,  -6.68376927e-05,   2.97400897e-05,
         2.54594092e-05,  -2.96648723e-05,   5.58189738e-05,
        -1.63179211e-06,  -1.37257666e-05,  -1.17919314e-04,
         1.60054187e-05,   6.88516807e-06,  -5.00307467e-05,
         6.81856542e-05,  -6.88330265e-05,   1.89316673e-05,
        -7.04098429e-05,   3.96204763e-05,   1.74657549e-04,
        -1.65504400e-04,   3.84479780e-05,  -5.45075221e-05,
        -2.78715915e-05,   2.36614627e-05,  -7.18781491e-05,
         3.30159653e-05,  -1.40858093e-05,   1.05545765e-04,
        -7.41365185e-05,   1.48180351e-05,   6.63956192e-05,
        -1.98629157e-05,   8.93239827e-05,   6.19784142e-05,
         4.77285379e-04,   1.28519859e-04,   2.63954854e-04,
        -1.45587579e-04,   3.81817818e-04,   7.39923850e-05,
        -1.26494338e-04,  -8.41728100e-05,   3.36961043e-04,
        -5.40495100e-04,   5.51186470e-04,  -1.70687174e-04,
         6.28549022e-05,   2.53127869e-05,  -9.49372404e-05,
         1.00738605e-05,  -1.36501652e-05,   8.35196156e-05,
        -1.28781677e-04,   4.63991812e-05,   7.45359132e-05,
         8.00378664e-06,  -9.14851326e-06,   7.53146754e-05,
        -5.73572316e-05,  -5.99399266e-05,  -3.30685975e-04,
         2.68806594e-04,  -3.46482889e-04,   1.14783565e-05,
         1.49467412e-04,   5.28925439e-05,  -1.01431917e-04,
         5.72752285e-04,  -5.41504564e-04,  -4.38281856e-05,
         1.81278427e-05,  -6.06885679e-05,  -2.26485134e-05,
         2.14737806e-04,   4.68678590e-05,   3.01910061e-06,
         1.01541270e-04,   6.19417004e-05,   3.22162616e-05,
        -5.20748587e-04,  -1.97793274e-05,  -1.40650583e-04,
        -1.29525807e-04,   7.24854134e-05,   6.47807292e-04,
         3.55271726e-04,   1.20137485e-03,   6.31787220e-04,
        -1.93102803e-03,  -5.23922317e-03,  -8.34676886e-03,
        -5.13235477e-03,   1.22381499e-03,  -4.87085665e-03,
        -3.99992528e-04,   3.08924820e-03,   4.02522404e-03,
        -2.05619949e-03,   8.93780322e-04,   3.01942464e-03,
        -6.39507008e-04,   1.11853311e-04,  -2.43758738e-03,
        -3.85998597e-04,  -2.03510082e-03,   7.38220831e-04,
         6.57357783e-04,   3.84459584e-03,   5.16670570e-03,
         4.74349820e-04,   1.19562577e-04,   3.87517358e-03,
         5.19304175e-04,  -1.61410692e-03,  -2.39973553e-03,
         2.25815475e-03,  -1.40672861e-03,  -1.61522088e-03,
         7.48566970e-04,  -1.30416770e-03,   1.34559220e-03,
         1.41801722e-03,   2.21555897e-03,  -1.79714289e-03,
        -3.41286809e-04,  -2.64678728e-03,  -3.93050802e-03,
         1.76788517e-04,  -9.25195454e-04,  -2.78907295e-03,
        -3.09710819e-04,   2.23166643e-04,   1.70257528e-03,
        -9.24314959e-04,   1.92172037e-03,   1.88820024e-04,
        -1.41797436e-03,   3.04353287e-03,  -8.23532453e-04,
        -4.45881646e-03,  -2.66308765e-03,   3.57854172e-03,
         4.26346872e-04,   4.71112045e-04,   3.11914201e-04,
         7.26609254e-04,  -1.87738980e-04,   6.99235672e-04,
        -3.57486841e-05,  -1.06188223e-04,  -8.42216776e-05,
        -1.28833991e-05,   1.32386506e-04,  -5.20815109e-05,
        -3.39346265e-05,   1.79873071e-05,   2.18984913e-05,
        -4.50600500e-05,  -4.61422412e-05,  -1.08201229e-05,
        -3.41616102e-04,  -4.13490146e-04,  -2.97094213e-04,
        -2.50067719e-04,   1.70604870e-04,  -4.43144175e-04,
        -7.30392929e-05,   6.41710158e-05,   5.31406609e-05,
        -2.11356006e-04,  -1.44492687e-04,  -5.73525296e-05,
         1.02736148e-04,   1.07493349e-05,   1.18492228e-05,
         9.88210147e-05,   4.86829831e-05,   3.75143265e-05,
         7.72628738e-05,   3.89002935e-04,   2.33802752e-04,
        -9.83304361e-05,  -2.91569267e-04,   3.34498004e-04,
         3.11627428e-04,  -1.22974516e-06,   3.22829173e-05,
         3.64594385e-04,   2.30903165e-04,   1.47329484e-04,
        -2.68348977e-04,  -8.25528320e-05,  -1.08618534e-04,
         5.20526225e-05,  -8.01313609e-05,  -6.38223770e-06,
         2.37761421e-03,   1.84095643e-02,  -3.77101107e-02,
         3.47328950e-02,  -4.58681292e-02,   4.08581049e-02,
        -1.51018131e-03,  -5.22026254e-04,   2.74492125e-03,
         3.27619508e-03,  -1.36302937e-03,  -2.21253511e-03,
         1.18622292e-03,  -6.63489748e-04,  -6.53921480e-04,
         6.01881175e-04,   6.52269148e-04,  -6.17040901e-04,
         2.65100531e-03,  -9.78202382e-03,   1.81736523e-02,
        -1.77816744e-03,   1.61473457e-02,  -2.21651867e-02,
         2.84737500e-04,  -5.27208071e-03,   7.53510653e-03,
        -1.99679811e-02,   1.77929443e-02,  -9.86886510e-03,
        -2.30850507e-03,   2.75769383e-03,  -4.40005103e-04,
        -4.48774659e-03,  -8.08315241e-04,   4.46736996e-03,
         1.61680218e-03,   3.23600322e-03,  -1.05837167e-02,
        -5.25165487e-03,  -3.58525625e-03,   8.71649271e-03,
        -1.03394442e-02,   1.14898527e-02,  -9.74547368e-03,
         1.01499424e-02,  -2.13520807e-02,   2.18883734e-02,
         1.88362078e-02,  -1.55471949e-03,  -1.71293722e-02,
         6.73305521e-02,  -3.38243632e-02,   4.47729553e-04]), array([  9.28015438e-07,   9.27610872e-07,   9.28724944e-07,
         9.28377728e-07,   9.28047560e-07,   9.28234003e-07,
         9.27897718e-07,   9.27605135e-07,   9.27836261e-07,
         9.28531246e-07,   9.28273009e-07,   9.28580148e-07,
         9.28314186e-07,   9.28489166e-07,   9.28379916e-07,
         9.28840441e-07,   9.27193452e-07,   9.28652380e-07,
         9.27909034e-07,   9.28754530e-07,   9.29299278e-07,
         9.27229080e-07,   9.27901412e-07,   9.27681910e-07,
         9.27429304e-07,   9.28441186e-07,   9.27446902e-07,
         9.28026216e-07,   9.27367763e-07,   9.28114423e-07,
         9.28732931e-07,   9.28408453e-07,   9.28225730e-07,
         9.27141025e-07,   9.29152545e-07,   9.29305702e-07,
         9.28594340e-07,   9.29246206e-07,   9.28923905e-07,
         9.28826111e-07,   9.28525082e-07,   9.27509123e-07,
         9.27930993e-07,   9.28263256e-07,   9.28104131e-07,
         9.27396444e-07,   9.28553458e-07,   9.28198344e-07,
         9.28172397e-07,   9.28896751e-07,   9.28138398e-07,
         9.27283633e-07,   9.29231069e-07,   9.28273759e-07,
         9.28375784e-07,   9.28480857e-07,   9.28232537e-07,
         9.27497399e-07,   9.28695417e-07,   9.28002922e-07,
         9.28681793e-07,   9.27859511e-07,   9.28711039e-07,
         9.29428823e-07,   9.27903756e-07,   9.28227699e-07,
         9.28447563e-07,   9.28044693e-07,   9.28257989e-07,
         9.27802565e-07,   9.28214950e-07,   9.28408091e-07,
         9.27784936e-07,   9.28361203e-07,   9.27554080e-07,
         9.27673198e-07,   9.27216937e-07,   9.27746065e-07,
         9.27647183e-07,   9.28557669e-07,   9.27982489e-07,
         9.28182823e-07,   9.29344197e-07,   9.27698491e-07,
         9.27996707e-07,   9.28909262e-07,   9.28246225e-07,
         9.28481711e-07,   9.27692029e-07,   9.28105181e-07,
         9.27508626e-07,   9.28956282e-07,   9.28247116e-07,
         9.27516079e-07,   9.27566852e-07,   9.28612401e-07,
         9.27424417e-07,   9.28819764e-07,   9.27761291e-07,
         9.28754720e-07,   9.28150829e-07,   9.28030955e-07,
         9.28271188e-07,   9.29100614e-07,   9.27821066e-07,
         9.28711439e-07,   9.27241277e-07,   9.27783664e-07,
         9.29400239e-07,   9.27958067e-07,   9.28076097e-07,
         9.28779414e-07,   9.28600475e-07,   9.28146267e-07,
         9.28322197e-07,   9.28524899e-07,   9.28581412e-07,
         9.28355195e-07,   9.28473211e-07,   9.27714821e-07,
         9.27821701e-07,   9.28696313e-07,   9.27853631e-07,
         9.28548144e-07,   9.28424936e-07,   9.29388598e-07,
         9.27592274e-07,   9.28800044e-07,   9.29122574e-07,
         9.27919937e-07,   9.27391742e-07,   9.28049754e-07,
         9.27907170e-07,   9.27771207e-07,   9.29022605e-07,
         9.28454145e-07,   9.28715271e-07,   9.28183533e-07,
         9.28404838e-07,   9.29175282e-07,   9.27979737e-07,
         9.27856720e-07,   9.29215826e-07,   9.28427103e-07,
         9.28647987e-07,   9.28450447e-07,   9.27754430e-07,
         9.27805737e-07,   9.28381990e-07,   9.28121443e-07,
         9.27455628e-07,   9.28467552e-07,   9.28168150e-07,
         9.28560992e-07,   9.27795619e-07,   9.28053219e-07,
         9.27968910e-07,   9.27741827e-07,   9.28791462e-07,
         9.28423972e-07,   9.29063205e-07,   9.28567359e-07,
         9.29257678e-07,   9.29285155e-07,   9.28512145e-07,
         9.28225910e-07,   9.27993038e-07,   9.28561552e-07,
         9.27967544e-07,   9.28253553e-07,   9.27886451e-07,
         9.28213254e-07,   9.28531809e-07,   9.27672973e-07,
         9.28671650e-07,   9.28472765e-07,   9.29671896e-07,
         9.28831995e-07,   9.29117650e-07,   9.29493524e-07,
         9.26960716e-07,   9.28146770e-07,   9.28275963e-07,
         9.27989633e-07,   9.27742735e-07,   9.29105812e-07,
         9.28280279e-07,   9.28341830e-07,   9.27757608e-07,
         9.28272083e-07,   9.28251632e-07,   9.29197092e-07,
         9.28446236e-07,   9.28856199e-07,   9.27805274e-07,
         9.28350035e-07,   9.28807865e-07,   9.28522105e-07,
         9.28240144e-07,   9.28511275e-07,   9.27980193e-07,
         9.29205547e-07,   9.29513216e-07,   9.29318534e-07,
         9.28138375e-07,   9.27425962e-07,   9.28343310e-07,
         9.27881899e-07,   9.27975425e-07,   9.27662015e-07,
         9.28595737e-07,   9.29009110e-07,   9.28171018e-07,
         9.28474687e-07,   9.29155090e-07,   9.28168912e-07,
         9.28432882e-07,   9.28583439e-07,   9.28115445e-07,
         9.28309396e-07,   9.29431411e-07,   9.28449919e-07,
         9.27844568e-07,   9.28116199e-07,   9.28750836e-07,
         9.28074824e-07,   9.28302409e-07,   9.28696309e-07,
         9.27070305e-07,   9.29322086e-07,   9.28500240e-07,
         9.27811647e-07,   9.28790616e-07,   9.27970968e-07,
         9.27918364e-07,   9.28112198e-07,   9.28204927e-07,
         9.27418606e-07,   9.28364931e-07,   9.27733097e-07,
         9.25471487e-07,   9.26428284e-07,   9.29254435e-07,
         9.28632247e-07,   9.28567244e-07,   9.27239148e-07,
         9.26960147e-07,   9.28554216e-07,   9.28377718e-07,
         9.26591634e-07,   9.28980597e-07,   9.27774589e-07,
         9.28894067e-07,   9.28752068e-07,   9.27959045e-07,
         9.28578468e-07,   9.28803332e-07,   9.28426210e-07,
         9.27340030e-07,   9.28042958e-07,   9.29336473e-07,
         9.27869403e-07,   9.28180710e-07,   9.29363808e-07,
         9.27559149e-07,   9.28910839e-07,   9.28367951e-07,
         9.29266307e-07,   9.28384257e-07,   9.29228839e-07,
         9.27640835e-07,   9.28615431e-07,   9.27971403e-07,
         9.28380789e-07,   9.29195087e-07,   9.29659655e-07,
         9.28735055e-07,   9.28070736e-07,   9.28667340e-07,
         9.29901090e-07,   9.28575721e-07,   9.27992071e-07,
         9.28246242e-07,   9.28645279e-07,   9.27848453e-07,
         9.28491341e-07,   9.28816262e-07,   9.27781650e-07,
         9.27935916e-07,   9.28453634e-07,   9.28676289e-07,
         9.27776689e-07,   9.29197773e-07,   9.28452949e-07,
         9.28089343e-07,   9.28561167e-07,   9.27566458e-07,
         9.28111182e-07,   9.29072875e-07,   9.29339601e-07,
         9.28369952e-07,   9.27586234e-07,   9.28702275e-07,
         9.27947008e-07,   9.28206101e-07,   9.27434168e-07,
         9.28755308e-07,   9.28970608e-07,   9.28412937e-07,
         9.28404092e-07,   9.29134223e-07,   9.28142968e-07,
         9.28640999e-07,   9.28306327e-07,   9.28442549e-07,
         9.27690214e-07,   9.27695345e-07,   9.28525158e-07,
         9.29693852e-07,   9.28429691e-07,   9.28212895e-07,
         9.28669155e-07,   9.28052019e-07,   9.28652727e-07,
         9.28067336e-07,   9.28332458e-07,   9.29351961e-07,
         9.28026680e-07,   9.28297111e-07,   9.28462458e-07,
         9.28300348e-07,   9.29260170e-07,   9.27523809e-07,
         9.28209158e-07,   9.28292277e-07,   9.27522930e-07,
         9.28632899e-07,   9.28841550e-07,   9.28872414e-07,
         9.28403890e-07,   9.28475299e-07,   9.28770307e-07,
         9.28746825e-07,   9.28231410e-07,   9.28169904e-07,
         9.28619697e-07,   9.27613625e-07,   9.28388305e-07,
         9.27291064e-07,   9.28126338e-07,   9.27950801e-07,
         9.28143860e-07,   9.29530101e-07,   9.28205396e-07,
         9.28266166e-07,   9.28700891e-07,   9.28649827e-07,
         9.27801043e-07,   9.27760186e-07,   9.28857241e-07,
         9.28790749e-07,   9.28500432e-07,   9.29426746e-07,
         9.28570255e-07,   9.28416513e-07,   9.28550848e-07,
         9.27834653e-07,   9.28102562e-07,   9.28132753e-07,
         9.28025186e-07,   9.27799659e-07,   9.30292706e-07,
         9.28779559e-07,   9.28348928e-07,   9.27810994e-07,
         9.27782630e-07,   9.27667619e-07,   9.29180672e-07,
         9.28876796e-07,   9.29239971e-07,   9.27365896e-07,
         9.27552730e-07,   9.28518519e-07,   9.28259882e-07,
         9.28642045e-07,   9.28250130e-07,   9.28470532e-07,
         9.28351977e-07,   9.28064487e-07,   9.28158283e-07,
         9.28406284e-07,   9.28060081e-07,   9.27824972e-07,
         9.28907008e-07,   9.29356351e-07,   9.28441443e-07,
         9.28533412e-07,   9.28920896e-07,   9.27333150e-07,
         9.28638513e-07,   9.28031542e-07,   9.29026413e-07,
         9.28352938e-07,   9.28435999e-07,   9.27400721e-07,
         9.28632016e-07,   9.27399388e-07,   9.26583226e-07,
         9.28685074e-07,   9.28648304e-07,   9.28799462e-07,
         9.28859426e-07,   9.29136082e-07,   9.27942544e-07,
         9.28045863e-07,   9.27899414e-07,   9.28130749e-07,
         9.28335708e-07,   9.29599876e-07,   9.27909612e-07,
         9.28287105e-07,   9.29202047e-07,   9.28043762e-07,
         9.28038980e-07,   9.28411280e-07,   9.28453365e-07,
         9.27574564e-07,   9.27843950e-07,   9.28654639e-07,
         9.27596050e-07,   9.28839373e-07,   9.27788692e-07,
         9.28409440e-07,   9.28376493e-07,   9.29014453e-07,
         9.28359720e-07,   9.27731880e-07,   9.27863354e-07,
         9.28571027e-07,   9.27838298e-07,   9.28299183e-07,
         9.28663659e-07,   9.28300973e-07,   9.28085276e-07,
         9.27756939e-07,   9.27982608e-07,   9.29323677e-07,
         9.28315933e-07,   9.28980181e-07,   9.27984937e-07,
         9.28336664e-07,   9.28665904e-07,   9.28619750e-07,
         9.28529722e-07,   9.28316222e-07,   9.28534126e-07,
         9.29075385e-07,   9.27899019e-07,   9.29205262e-07,
         9.28762689e-07,   9.28421889e-07,   9.28354414e-07,
         9.26639806e-07,   9.27640574e-07,   9.28981540e-07,
         9.28404641e-07,   9.29246153e-07,   9.28579250e-07,
         9.27947855e-07,   9.28681166e-07,   9.28724886e-07,
         9.28228924e-07,   9.27959716e-07,   9.28454032e-07,
         9.27933095e-07,   9.28185006e-07,   9.28584561e-07,
         9.28032537e-07,   9.28072377e-07,   9.28444935e-07,
         9.27808483e-07,   9.27732040e-07,   9.28354747e-07,
         9.28843453e-07,   9.27750139e-07,   9.28165944e-07]), {'maxiter': 30}, <cma.CMAEvolutionStrategy object at 0x7fd2ba5b4978>, <cma.CMADataLogger object at 0x7fd2ac616cc0>)