[ -1.00000155e+00  -1.00000030e+00  -1.00000036e+00  -9.99999169e-01
   7.53422278e-02  -1.00000034e+00  -3.14465213e-01   4.18197932e-01
  -4.71603752e-02   8.94466898e-01  -9.24783306e-01   6.23638361e-01
   5.56507792e-01  -2.44043265e-01   3.11674502e-01  -2.97265709e-01
   9.99999083e-01  -3.24239985e-01   3.06734688e-01   5.85950813e-01
   4.27030481e-01   7.62193557e-01  -3.62498273e-01   6.60257064e-01
   3.43380587e-01  -2.48497712e-01   1.20968433e-01  -5.16835447e-01
   7.31675574e-01  -3.72409148e-01  -4.34716381e-01   1.46591576e-01
  -2.54711579e-01   1.11355834e-01  -7.28588661e-01   1.73310367e-01
  -2.62806527e-02  -4.35686282e-01  -1.98589110e-01  -6.40615955e-01
   5.03451928e-01  -5.25512460e-01  -3.75318612e-01   1.86327684e-01
  -1.64622883e-01   3.48202542e-01  -6.91861036e-01   2.69183139e-01
   4.06979843e-01  -1.11174943e-01   2.49088577e-01  -7.68531440e-03
   6.56405588e-01  -1.05067081e-01   3.53271728e-03   1.37548960e-03
   8.35301321e-04   2.50206135e-03   1.60238821e-03   2.46566039e-03
  -1.68528918e-04  -6.14347128e-04   5.00410196e-04  -1.05938200e-03
   1.32416945e-03  -8.90929518e-04   4.28994677e-04   2.52573483e-04
  -1.03067318e-04  -1.37006633e-03   3.54462020e-04   1.23275553e-04
  -9.92018356e-04  -7.37813303e-04  -1.46147691e-04  -7.52031709e-04
  -3.08715383e-05  -1.13095076e-03  -8.82373656e-05   3.22123519e-04
  -2.71131532e-04  -8.68152959e-05  -7.32653612e-04   2.86591276e-04
  -2.97527895e-04  -1.66632972e-04  -4.17789850e-05   1.37685085e-03
  -4.10766284e-04   3.53854782e-05   3.85182881e-04   4.60556170e-04
  -1.13138599e-05   1.78643610e-04  -1.78527840e-04   6.36503426e-04
   2.10994454e-05  -1.90621503e-04   1.47337047e-04   4.38757044e-04
   3.34562759e-04  -8.49584230e-05   4.03746510e-04   1.28761881e-04
   1.18442043e-04  -1.37199271e-03   5.55990346e-04  -1.09488971e-04
  -4.45344014e-03  -3.13606051e-03   5.25802141e-04  -2.87218355e-03
   1.51772279e-03  -4.52376104e-03  -5.29237549e-04   1.20598011e-03
  -2.30800676e-03   2.15458323e-03  -5.67572865e-03   1.05821559e-03
  -3.57204601e-04  -2.04234046e-04   6.83300194e-04   4.64989061e-03
  -9.83489563e-04   2.15855822e-04   5.18047924e-04   3.88349894e-04
  -8.01502827e-04  -3.20633773e-04  -1.44381957e-03   2.63318226e-05
   1.05802114e-03   2.06837736e-04   1.32049628e-03   1.22517683e-03
   2.29369836e-03   9.79747041e-04   1.87724372e-04  -4.85438166e-04
   2.81340065e-04  -5.30266210e-03   3.64910581e-03  -5.65876805e-04
   3.37599287e-06  -4.41882960e-05   2.49160467e-04   1.28035101e-04
   3.54019377e-04   1.73552232e-05  -5.28369167e-04  -1.24709825e-04
  -1.28655735e-04  -2.64379450e-04   8.56843806e-05   4.41695703e-05
  -7.28364356e-04   2.44025738e-05  -1.95496436e-03   9.76874630e-04
  -5.97870276e-03  -1.95520098e-03  -1.91814888e-02  -6.21013743e-03
  -2.51774981e-03  -1.10668936e-02   1.76252308e-02   1.02940805e-03
   1.17835255e-03   2.32555002e-03  -3.39234301e-03  -6.08808026e-03
  -4.61554879e-03   2.27615433e-03  -2.86575835e-04   2.80158468e-03
   7.56006087e-03  -1.41147115e-03   5.24905837e-04  -5.99095802e-04
   8.29686812e-03   3.97519145e-03  -8.13451769e-04   1.67383718e-03
  -1.04363353e-02   7.71972530e-04   7.80639958e-04  -8.99392862e-04
   3.99515501e-03   6.12680983e-03   2.11316192e-03  -1.76205443e-03
   1.13405779e-04  -3.24111810e-03  -6.93382161e-03   3.62231376e-03
   2.65271638e-04   4.31812675e-04  -4.83477437e-03  -2.52258508e-03
   2.70671831e-03   4.46286691e-04   7.47341509e-03  -1.19915828e-03
  -9.06995095e-04  -3.88402143e-04  -4.92732129e-03  -4.06503676e-03
  -8.27423871e-04   1.40024687e-03  -1.01836206e-03   4.59119230e-03
   7.70290459e-03  -9.04705257e-03  -7.83481226e-04  -2.99868899e-04
  -1.11130229e-04   1.05682182e-04   3.35072674e-04  -2.91599517e-04
   2.10987366e-04   3.43540307e-05   3.69496493e-06   2.03063859e-05
  -9.58516894e-05  -5.75269667e-05   1.31297906e-05   8.90962948e-05
  -4.55772317e-06  -1.70549014e-05   5.81888314e-05  -4.35915244e-05
   5.98027943e-05  -4.56865900e-05   7.66674161e-05  -5.75523952e-05
  -2.02218341e-04   1.72491654e-04  -6.84086086e-05   2.90085296e-05
   2.38956269e-05  -2.95458903e-05   5.53330911e-05  -2.72466765e-06
  -1.31431375e-05  -1.17984487e-04   1.46250196e-05   5.72511083e-06
  -5.03743579e-05   6.79358323e-05  -6.89578881e-05   1.84957465e-05
  -7.12335504e-05   3.87081540e-05   1.73871463e-04  -1.65476206e-04
   3.91884952e-05  -5.50457031e-05  -2.64586058e-05   2.37146973e-05
  -7.14637139e-05   3.32523833e-05  -1.30794951e-05   1.05114751e-04
  -7.48892627e-05   1.39701329e-05   6.68701016e-05  -2.00266719e-05
   8.95881647e-05   6.25359164e-05   4.78712067e-04   1.27400814e-04
   2.63254373e-04  -1.45406754e-04   3.81828600e-04   7.28033965e-05
  -1.28600083e-04  -8.45072213e-05   3.38057761e-04  -5.40721539e-04
   5.50175649e-04  -1.69369489e-04   6.31913566e-05   2.35499564e-05
  -9.43598666e-05   9.14468589e-06  -1.44464548e-05   8.34678246e-05
  -1.30020421e-04   4.74733601e-05   7.48974861e-05   7.95154641e-06
  -7.79901741e-06   7.43983629e-05  -5.72763178e-05  -6.04597238e-05
  -3.31015218e-04   2.69335216e-04  -3.44445973e-04   1.06911103e-05
   1.51150888e-04   5.24040177e-05  -1.01225714e-04   5.72917646e-04
  -5.41653771e-04  -4.29120611e-05   1.84693170e-05  -6.16333778e-05
  -2.31872408e-05   2.15510191e-04   4.84282238e-05   3.37974318e-06
   1.00230413e-04   6.21986524e-05   3.24089924e-05  -5.20218021e-04
  -1.96051756e-05  -1.41279060e-04  -1.31089230e-04   7.14118113e-05
   6.48149495e-04   3.54779947e-04   1.20144950e-03   6.31864750e-04
  -1.93160153e-03  -5.23783426e-03  -8.34847645e-03  -5.13198006e-03
   1.22305972e-03  -4.87062686e-03  -4.00487109e-04   3.08896028e-03
   4.02570473e-03  -2.05612921e-03   8.93559601e-04   3.01947741e-03
  -6.39571887e-04   1.11497701e-04  -2.43827851e-03  -3.87134563e-04
  -2.03601391e-03   7.37704095e-04   6.57099772e-04   3.84590393e-03
   5.16621134e-03   4.74230296e-04   1.19683106e-04   3.87432923e-03
   5.18845652e-04  -1.61345106e-03  -2.39974611e-03   2.25788087e-03
  -1.40619679e-03  -1.61665307e-03   7.48814217e-04  -1.30431927e-03
   1.34603450e-03   1.41790879e-03   2.21674900e-03  -1.79597345e-03
  -3.41757717e-04  -2.64723200e-03  -3.93009205e-03   1.75974206e-04
  -9.24615698e-04  -2.78883261e-03  -3.09329881e-04   2.22713143e-04
   1.70294134e-03  -9.24147648e-04   1.92096738e-03   1.87297425e-04
  -1.41892455e-03   3.04332170e-03  -8.23594233e-04  -4.45650229e-03
  -2.66463673e-03   3.57998189e-03   4.25721727e-04   4.72592184e-04
   3.11916561e-04   7.26992189e-04  -1.86628148e-04   6.99874453e-04
  -3.59000851e-05  -1.07495076e-04  -8.30358586e-05  -1.33743416e-05
   1.32938348e-04  -5.26462749e-05  -3.45379512e-05   1.81630694e-05
   2.13862412e-05  -4.40521649e-05  -4.56869614e-05  -1.14970654e-05
  -3.41867888e-04  -4.12820083e-04  -2.97853293e-04  -2.51316275e-04
   1.69914649e-04  -4.42265971e-04  -7.29289280e-05   6.39768389e-05
   5.23474213e-05  -2.11211529e-04  -1.46070935e-04  -5.81277174e-05
   1.03503537e-04   1.01117482e-05   1.14230569e-05   9.79800343e-05
   4.84055985e-05   3.97224653e-05   7.70347151e-05   3.87456166e-04
   2.32842936e-04  -9.84130418e-05  -2.91501891e-04   3.34607307e-04
   3.11673415e-04  -2.72501113e-06   3.29321056e-05   3.63830343e-04
   2.29654338e-04   1.47747457e-04  -2.69467512e-04  -8.13655982e-05
  -1.09599529e-04   5.23286681e-05  -7.96114168e-05  -5.40702278e-06
   2.37643642e-03   1.84101214e-02  -3.77097922e-02   3.47336569e-02
  -4.58683863e-02   4.08579207e-02  -1.50965378e-03  -5.22477364e-04
   2.74360986e-03   3.27549361e-03  -1.36380110e-03  -2.21295376e-03
   1.18524918e-03  -6.62729206e-04  -6.55363016e-04   6.00422084e-04
   6.51132695e-04  -6.16411219e-04   2.65186249e-03  -9.78227673e-03
   1.81734292e-02  -1.77854519e-03   1.61473333e-02  -2.21648372e-02
   2.85036434e-04  -5.27171536e-03   7.53484312e-03  -1.99688888e-02
   1.77945660e-02  -9.86924797e-03  -2.30671995e-03   2.75839171e-03
  -4.39829406e-04  -4.48763327e-03  -8.06864526e-04   4.46580872e-03
   1.61724686e-03   3.23559664e-03  -1.05828235e-02  -5.25146744e-03
  -3.58559767e-03   8.71650236e-03  -1.03387475e-02   1.14907816e-02
  -9.74612310e-03   1.01507913e-02  -2.13534264e-02   2.18872799e-02
   1.88359105e-02  -1.55370328e-03  -1.71302221e-02   6.73303510e-02
  -3.38233086e-02   4.47071716e-04]