(array([ -1.67666496e+00,  -1.84094742e+00,   7.76536041e-01,
        -4.95325871e-01,   1.06264633e+00,  -4.53284148e-01,
         7.35851355e-01,   4.96751683e-01,   4.96170875e-01,
         1.55061296e-01,   2.21655899e+00,   6.40849697e-01,
        -4.28673330e-01,  -1.02723263e+00,   1.40662085e-01,
         8.09869329e-01,  -1.77027689e+00,  -1.32143226e+00,
        -6.99613923e-02,  -8.38478821e-01,   7.14958990e-01,
        -3.84372489e-01,  -2.20440455e-01,  -3.55916091e-01,
         2.83290520e+00,  -4.91434652e-01,  -1.67635170e-01,
        -5.97032259e-01,   3.85594029e+00,   3.79728939e-01,
        -2.02288381e+00,   1.47665493e+00,  -2.29691699e+00,
         2.90057715e-02,  -6.24454777e-01,  -9.18335213e-01,
         1.84926943e+00,   7.65838323e-01,  -1.10900991e-01,
         1.64154605e+00,  -2.98541677e+00,  -8.78574163e-02,
         3.51051706e-01,   1.48894367e+00,   4.29814157e-01,
        -1.58649209e+00,  -3.00143310e-01,   2.79727593e+00,
        -1.43728317e+00,   6.54090072e-01,  -1.36484142e+00,
        -1.76919232e+00,  -1.41415450e+00,  -4.90749973e-01,
        -2.95769751e-01,  -4.24640625e-01,  -4.15263790e-01,
         1.65883670e+00,   5.85301254e-01,   1.29781281e+00,
        -1.12578301e+00,   2.47917633e+00,   1.65163233e+00,
         4.06403026e-01,  -2.31744269e+00,  -5.73907290e-01,
         5.52146179e-02,  -6.95710920e-01,  -7.24540341e-01,
         1.80552026e-01,  -2.26545964e+00,   9.81177446e-01,
        -4.51833143e-01,  -7.65445596e-01,  -4.93745287e-01,
        -5.65050347e-01,  -8.78160618e-01,  -1.18977632e+00,
        -1.09664516e+00,  -1.22880762e+00,  -3.19005032e-01,
         2.04150213e+00,  -1.43088306e+00,   1.64841320e+00,
        -1.01646208e+00,   5.75299938e-01,  -8.12616183e-01,
        -1.47774807e+00,  -1.10845435e+00,   7.13972963e-01,
         1.81742788e+00,   8.35592392e-01,   1.35588799e+00,
         8.79041214e-03,   2.06894683e-02,   1.73346661e-01,
        -1.26213414e+00,  -1.79631349e+00,   3.71505258e-01,
         2.52781974e+00,  -2.77078264e-01,   1.53620401e+00,
         2.48645367e+00,  -7.78374227e-01,   1.07252733e+00,
         6.24383570e-01,   1.83906549e-01,   1.70935479e+00,
        -2.14893969e+00,  -2.93444337e+00,   1.67587365e-01,
        -2.55281357e+00,  -1.10510850e+00,   1.25359776e+00,
         1.72068694e+00,  -4.26344215e-01,   2.44760881e-01,
         4.78430789e-02,   5.07445717e-01,   1.66497326e+00,
        -1.00265754e+00,   3.42769746e-01,   2.21870510e+00,
        -1.19363249e+00,   2.13452168e+00,   2.41807924e+00,
         1.52011676e+00,   1.42999154e+00,  -5.37737362e-01,
         3.57036345e-02,   2.38412328e-01,  -7.61454780e-01,
         1.61786335e+00,  -4.45915007e-01,   2.50504185e-01,
         1.79608866e+00,   2.31298129e+00,   6.93799767e-01,
        -2.02668803e+00,   1.17613873e+00,   1.22093988e-01,
         7.30768526e-01,   2.79489109e-01,  -6.80397763e-01,
        -2.60823248e+00,   2.31094001e+00,   6.25774568e-01,
         2.90784618e+00,  -1.85563486e-01,  -6.54841473e-01,
        -6.10283498e-01,   5.89143450e-01,   1.96524559e+00,
         3.50524569e-01,   1.58948863e+00,  -1.38214589e+00,
         1.11386380e+00,   1.46473125e+00,   8.68902184e-01,
        -1.99781497e-01,   2.94930594e-01,   1.02200319e+00,
         7.96756691e-01,  -2.21941483e+00,  -1.49412662e+00,
        -2.22731396e+00,  -1.06757746e+00,   6.68993138e-01,
        -1.41991020e+00,   1.42564509e+00,  -2.41668166e+00,
        -1.82961003e+00,   6.43723166e-01,  -1.04700827e+00,
         2.86641719e+00,   9.45381738e-01,  -1.80485862e+00,
        -1.38735046e+00,  -2.81214498e+00,   2.05166740e+00,
         1.44425755e+00,  -2.39030930e+00,   1.75619643e+00,
         1.64622619e+00,  -3.42907359e-01,   1.34427290e+00,
         1.02512855e+00,  -9.04618622e-01,   1.51421622e+00,
        -1.12516773e+00,  -1.23256200e+00,  -9.90948581e-01,
         1.33172280e+00,  -1.73549271e+00,  -2.00421349e-01,
        -2.70157121e-04,   3.68674536e-02,  -2.30304454e+00,
         1.68090464e+00,  -2.02876449e+00,  -7.73430437e-01,
         5.06568272e-01,  -8.90041253e-01,   4.50584991e-02,
         9.54685357e-01,  -2.10440490e+00,   6.66355015e-01,
        -1.82606537e+00,  -5.09249722e-01,  -5.22093566e-01,
         2.82056548e+00,  -1.24826591e+00,  -1.57610712e+00,
         7.53041749e-01,   9.81425708e-01,  -3.47119399e+00,
        -1.70192315e-01,  -2.38815622e+00,  -1.40895290e+00,
        -3.27453405e-01,   1.41078000e+00,   2.68255714e-01,
        -1.91632188e+00,  -4.13801822e-01,   6.48957711e-02,
         2.62724699e-01,  -1.10141605e+00,  -9.84795653e-01,
         3.35809986e-01,   5.42736391e-01,  -1.43499516e+00,
        -3.86049243e-01,  -3.86932828e+00,  -1.67778718e-01,
        -5.55872173e-01,  -3.74022728e-01,  -1.19964833e+00,
         3.22037547e+00,   2.30427588e+00,   1.27203510e+00,
         9.58252035e-01,  -2.72866107e+00,  -3.02892038e+00,
         2.73338133e+00,  -1.03263326e+00,  -2.67944564e+00,
        -6.89018831e-01,  -2.68881344e+00,   6.32721124e-01,
         1.45171044e+00,  -1.59940118e-02,   4.44191655e-01,
         8.90003958e-01,   1.56471654e+00,   8.43052821e-01,
        -1.60305965e+00,   1.17426378e+00,  -7.16140959e-02,
        -2.28049763e+00,  -4.79523621e-01,   4.64205569e-01,
         5.85407338e-01,   8.37125104e-02,  -1.74341916e+00,
         3.27427603e-01,  -2.82457819e-01,  -4.60529004e-01,
        -1.68320872e+00,   5.31916839e-03,   2.03919103e+00,
        -1.46693572e+00,   1.27782198e+00,  -1.99316833e-01,
         4.84854254e-01,   5.12745912e-01,  -4.00679299e-02,
         3.09184972e-01,  -3.11128676e+00,   4.67808759e-01,
         1.22474739e+00,  -1.73721825e-01,   2.36137625e+00,
        -4.09425779e-01,   1.31364944e+00,  -2.01329447e+00,
        -2.07374025e+00,   3.74898266e-01,   8.34649326e-02,
        -2.09953635e+00,  -8.53127445e-01,   8.03715872e-01,
        -1.04826445e-01,  -1.06414682e+00,   1.22282879e+00,
         2.02434812e+00,  -3.98701477e-02,  -1.05917368e+00,
         3.42417246e-01,   4.74702415e-02,   1.96254019e+00,
        -7.53983578e-01,  -9.36099183e-01,  -2.40675359e+00,
         1.74631199e+00,   1.31781171e+00,   3.99141572e-01,
        -2.31832584e+00,   1.45500610e+00,  -5.83552900e-01,
        -1.44064193e-01,  -1.68893587e+00,   2.01739435e+00,
         7.33141198e-01,  -1.01352318e+00,  -1.50378418e+00,
         1.53957596e+00,   8.30984808e-01,  -3.47634820e-02,
        -1.76108258e+00,   1.62296525e+00,  -4.76630142e-01,
        -1.60555006e+00,   6.70059829e-01,   1.91384169e+00,
        -5.04476159e-02,  -8.48917033e-02,  -8.83762627e-01,
        -1.63670164e+00,  -9.13302098e-01,  -2.64113599e+00,
        -3.58712123e-01,  -2.37270729e+00,  -5.10315099e-01,
         4.80853938e-01,  -5.68036503e-02,  -2.89403903e-01,
         1.22485125e+00,   4.92541580e-01,  -1.13625417e+00,
        -2.99680094e-01,   4.52127545e-02,  -1.02420959e+00,
         3.46377072e-01,  -3.93900572e+00,  -2.24872414e+00,
        -1.37922745e+00,   3.82654030e-01,  -9.14721132e-01,
        -5.85264882e-01,   7.09842946e-01,  -3.59298678e-01,
         5.28831768e-01,   3.46180607e-01,  -2.01923142e+00,
        -3.49024951e-01,   2.09603566e-01,   6.42454485e-02,
        -9.94404860e-01,  -8.94613685e-01,   7.62868748e-01,
        -2.15686306e+00,  -4.54898226e-01,   4.28907061e-01,
        -1.54181495e+00,  -1.55045430e+00,   1.02482716e-01,
         4.39907701e-01,  -7.39494812e-01,  -3.04648811e+00,
        -1.95999205e+00,  -9.66448443e-01,  -1.10223184e+00,
         5.15700193e-01,   3.68484814e-01,  -1.31879419e+00,
        -3.15948638e-03,   4.93149971e-01,   8.28777389e-01,
        -1.18413799e+00,   9.32875784e-01,   1.46552745e+00,
        -5.12629949e-01,   6.85134574e-01,  -1.12697652e+00,
         1.28756457e+00,   1.03235831e+00,  -1.34123317e+00,
        -2.64074608e+00,  -6.83124370e-01,  -4.91867214e-01,
         6.90481365e-01,  -1.54144499e-02,  -1.38651578e+00,
        -5.10193327e-02,  -2.80835123e+00,  -1.05343779e+00,
         2.27488505e+00,   1.40501977e+00,   8.53591844e-01,
        -1.09538155e+00,  -8.16943705e-02,  -2.00191362e-01,
        -1.42498358e+00,  -4.18314541e-01,   3.14684536e-01,
         1.15731128e+00,  -9.35849383e-01,  -1.97235339e+00,
         1.81662084e+00,  -1.41686583e+00,  -8.14972840e-02,
         1.01882237e+00,  -6.06670030e-01,  -8.60919321e-02,
        -1.69016321e+00,   2.37394507e-01,  -6.71292020e-01,
        -1.23997696e+00,   7.76594356e-01,  -2.05961569e+00,
         2.09802704e-01,  -9.08076821e-01,   4.59879840e-01,
         3.36012635e+00,   2.04070661e+00,   5.31735117e-01,
        -1.75985604e+00,   6.98679330e-01,  -1.09545255e-01,
        -3.72440303e-01,  -1.04532041e+00,   2.71057545e-01,
         8.56824320e-01,   1.19871736e+00,  -1.85253294e+00,
         1.06824350e+00,   1.04203194e+00,  -7.96552179e-01,
         9.58529601e-01,   1.38383139e+00,   1.54239378e+00,
        -1.99613503e+00,   8.70910665e-01,  -6.70601403e-01,
        -9.21900839e-01,   2.19853866e-01,  -9.34900594e-01,
         2.92044834e-01,  -1.28617293e+00,   7.08080853e-01,
         3.92371091e-01,   1.40175944e-01,   9.01073157e-02,
        -1.30499474e+00,  -6.81929844e-01,   2.25357020e+00,
         1.88764110e+00,   1.88054111e+00,  -2.24725548e-01,
         1.36724484e+00,   9.94756328e-01,   1.04745914e-02,
        -5.91324372e-01,  -4.07215001e-01,   2.84369684e-01,
        -8.58433613e-01,   4.09281056e-01,  -1.84495713e+00,
        -8.67561888e-01,   6.34478011e-02,  -1.14145146e+00,
         1.70036858e-01,  -5.39486860e-01,  -3.41654773e-01,
         1.78768053e-01,  -1.71968532e+00,  -4.13064409e-01,
        -1.09017982e+00,   1.85686964e+00,  -6.56248440e-01,
         1.36663780e+00,  -7.01932293e-01,  -1.72744450e-01,
        -1.61294211e-01,   1.40424395e-01,   4.31453887e-01]), 38.654311421511316, 296, 301, 10, array([-0.40585126, -0.80847273,  0.65792523, -0.76443773,  0.60670604,
       -0.81310961, -0.11479771,  0.99895721,  0.27869042,  0.30914921,
        1.50380208, -0.0534889 , -0.59625816, -1.5169969 ,  0.71923506,
        0.18838526, -0.93386221, -1.71734052, -0.01685723, -1.19684445,
        1.35323357, -0.16380208, -0.51784337,  0.02004582,  2.26587543,
       -0.80024737, -0.35007611, -0.64062054,  2.96651086,  0.91498385,
       -0.10279029,  0.0490556 , -0.79761823, -0.909925  , -0.41042237,
        0.32964266, -0.11570628,  0.65424788,  0.41461388,  0.46258609,
       -2.24250727, -0.59151684, -0.38672237,  1.73487572,  1.19181732,
       -0.64689554, -0.13992589,  0.94216219, -0.79185956,  1.52600793,
       -1.09086294, -0.97053289, -0.17429381, -0.0676734 ,  0.14709435,
       -0.03970011, -0.01273129,  1.45133199, -0.61315575,  1.68637756,
        0.21167261,  1.47820291, -0.75436109,  0.44651118, -0.87062782,
       -0.2961969 ,  0.261843  , -0.22152872, -0.76907412,  0.0407989 ,
       -1.64455916,  0.11082473,  0.05427492, -0.69635128,  0.62071026,
       -0.08775783, -1.4347855 , -2.0066988 , -0.90103424, -1.07726366,
       -0.73282245,  1.23140665, -0.16050597,  1.36490344, -0.32183933,
        1.13591344, -0.47070183, -0.71447925, -1.32188765,  0.98037062,
        2.0621291 ,  0.59686875,  1.33460619, -0.36444281,  0.63387028,
        0.15800318, -0.8645083 , -0.03665519,  0.81782386,  1.96958367,
        0.27040742,  1.18765184,  0.81947297, -0.56633266,  0.02637034,
        0.42267854, -1.4053666 ,  1.70368317, -1.07326818, -2.08910528,
        0.06110439, -1.47546005, -0.97566496,  0.69434041,  1.5206497 ,
       -0.44047618,  0.91212192, -0.19563072,  0.60671103,  1.33011361,
        0.20513041,  0.50948225,  1.14877153, -0.38624393,  1.15745621,
        2.11186737,  1.58980901,  0.67589236, -0.20283956,  0.31847777,
       -0.39743686, -0.57417829,  0.85451126,  0.67879594,  0.01099026,
        0.50241695,  2.13102178,  1.18696957, -1.71556221,  0.25436129,
        0.42238755,  0.9668877 , -0.24110967, -0.01248188, -1.22382681,
        1.8595358 , -0.29827015,  1.56600419, -0.66338847, -0.514801  ,
       -0.51389922,  0.29217644,  0.59914736,  0.94634134,  1.48998846,
       -1.23968653,  0.18720305,  0.11771193,  0.45114798,  0.35580092,
       -0.656831  ,  0.90298278,  0.57672714, -1.99646852, -0.2818547 ,
       -0.95520001, -0.45808854, -0.33313812, -0.9783354 ,  1.34991978,
       -0.73100543, -1.86611785,  0.7111923 , -1.88747086,  1.6657477 ,
        0.06717406, -0.81656456, -0.62021658, -2.23837048,  1.85526903,
        1.13868187, -2.22875197,  0.83645976,  2.00869737, -0.74365678,
        0.35659261,  0.4621043 ,  0.05080963,  1.69522054, -1.15381289,
        0.0565189 , -1.10431588,  1.13740584, -0.79171467, -0.03216947,
       -0.41263958,  0.13023873, -2.10502679,  1.95062287, -2.71761421,
       -0.92317884,  0.16841271, -0.32908937, -0.27737655,  0.31198282,
       -0.62855881,  0.14244329, -1.36194704, -0.01799   , -0.47902528,
        2.13494102, -0.59492009,  0.05639698, -0.69581666,  1.22971773,
       -2.69941158,  0.24363341, -1.39658459, -0.25265986, -0.27948874,
        0.0275456 ,  0.74667237, -1.56122774, -0.58830325, -1.62339911,
        0.55617665, -0.7781768 , -1.28011424,  1.02003761,  0.1850424 ,
       -1.68950331,  0.15194901, -3.48852007,  0.31148611,  0.66317553,
       -0.28534147, -0.94633875,  1.85754238,  1.04576493,  0.20470373,
        0.21319875, -1.46344115, -1.41443747,  2.74829127, -0.17036811,
       -1.16937191, -0.05399864, -1.90662495,  0.13581093,  0.71799154,
       -0.49952532,  0.75781198, -0.06862902,  0.07536825,  0.75218531,
       -1.1421324 , -0.17717804, -1.5177957 , -2.20788724, -0.82020441,
       -0.76639034,  0.84651244,  0.0967034 , -1.78519292,  0.33999656,
        0.26519582, -1.59923295, -1.38131824,  0.61874755,  1.19439664,
       -0.40413401,  0.06681392, -0.08928374,  0.69359417,  0.7593115 ,
       -0.4600325 ,  1.10545133, -2.91427447,  0.3174489 ,  1.00732499,
       -1.02580961,  1.53885863, -0.23480989,  0.75113993, -2.12589345,
       -0.81353901,  0.78021923,  0.74310425, -2.00863215, -1.00511977,
        0.26749366, -0.83129775, -0.24084602,  0.83581102,  1.60910024,
       -0.61236779, -0.02155213,  1.48484206, -0.33488492,  1.92714   ,
       -0.45733071, -1.18825231, -1.31904434,  1.65406041,  1.15710572,
        0.97030634, -1.68693562, -0.22832371, -0.78564562,  0.08168345,
       -0.54531673,  1.20337014,  0.61921978, -1.17898898,  0.29974813,
        0.31914907,  1.18720314,  0.08219285, -1.05251984,  0.72742866,
        0.17389188, -1.10560593,  0.07527528,  0.73299631, -0.31812099,
       -0.80123137, -1.57943773, -1.47964772, -0.39866681, -2.51651513,
        0.27273114, -0.20181418, -0.45009284, -0.00569579,  0.29334636,
       -1.18802514,  0.98763174, -0.19844949, -0.70656834,  0.26047427,
       -0.8704145 , -0.36535781,  0.01204873, -4.42769375, -2.11515059,
       -0.73364761, -1.2699636 , -0.90297655, -1.05973216,  0.33065826,
       -0.13026867,  0.199227  , -0.81526522, -1.00533386,  0.16315677,
       -1.22860694,  0.31729053, -1.52425733, -1.07221799,  0.69441633,
       -2.1523376 , -0.10515525, -0.67203575, -1.36976146, -1.26999396,
       -0.14554592,  0.03045206, -0.76928925, -1.77810638, -0.89132512,
       -1.1916927 , -1.11639195, -0.54239532,  0.60856279, -0.29279639,
        0.6720525 ,  0.06147198,  1.03922724, -0.70479634,  0.66192353,
        1.00528908, -0.23226708,  0.49911254, -1.20130708,  0.71225088,
        0.68326201,  0.20787082, -1.18273178, -1.00298289, -0.51143481,
        0.25812737,  0.34102932, -1.41698452,  0.02130609, -2.49356585,
       -0.91028337,  1.3320086 ,  0.82711607,  0.63259362, -0.78279411,
        0.38561062, -0.18247456, -1.20918747, -0.57210235, -0.49482755,
        0.78851221, -0.47071582, -1.12284994,  1.5853965 , -0.22205562,
        0.49633743,  1.39440916, -0.05724981,  0.68071728, -1.68156289,
        0.87277266, -0.2392091 , -1.47127966,  0.94302641, -1.30218708,
        0.36548669, -0.95654018, -0.58576818,  1.06558388,  2.39222435,
       -0.23726336, -1.07126723,  1.17451791,  0.59227525, -0.34580736,
       -0.2008999 , -0.53064631, -0.05947712,  0.49836404, -0.20156113,
        0.58834127,  0.35497906, -0.9912141 ,  0.04066717, -0.51062487,
        1.22930375, -1.49824801,  0.90495255, -0.26418099, -1.41859789,
        0.06193108, -0.46321572,  0.24944613, -1.55909877, -0.59098444,
       -0.29966552, -0.04909928, -0.34527279, -0.27719552, -0.41001914,
        1.28971064,  0.68296758,  1.54756894, -0.08941022,  1.2172226 ,
        0.42647204,  0.71466335, -0.24915018, -0.39135577, -0.03971148,
       -1.07060903,  1.01645791, -0.15008294,  0.46286534,  0.34173301,
       -0.58606262,  0.74741697,  1.28985722, -0.1970172 , -0.08300526,
       -0.93854823, -1.10686898, -0.33901303,  1.6787055 ,  0.08250501,
        0.68165801, -0.24589951, -0.89563474, -0.2982121 , -0.18800909,
       -0.22736425]), array([ 0.89145684,  0.8914742 ,  0.8914787 ,  0.89113102,  0.89132969,
        0.8916481 ,  0.89138208,  0.891528  ,  0.89152774,  0.89128157,
        0.89152859,  0.89143811,  0.89160906,  0.89138604,  0.89148871,
        0.89160552,  0.89137591,  0.89151255,  0.89171746,  0.89141205,
        0.89142411,  0.89146516,  0.89146616,  0.89128315,  0.89136572,
        0.8914531 ,  0.89133626,  0.8911343 ,  0.89162633,  0.89147746,
        0.89156133,  0.89136728,  0.89122127,  0.89140949,  0.89147517,
        0.89159707,  0.89108886,  0.89141711,  0.89171504,  0.89156853,
        0.89161954,  0.89147296,  0.89128524,  0.89148632,  0.8913567 ,
        0.89165741,  0.89148859,  0.89137945,  0.89124182,  0.89141286,
        0.89155823,  0.89110607,  0.89121673,  0.89153382,  0.89164012,
        0.89143395,  0.89140748,  0.89160107,  0.89152603,  0.8911756 ,
        0.89147542,  0.89153806,  0.89156787,  0.89134968,  0.89160919,
        0.89125169,  0.89142678,  0.89102839,  0.8916476 ,  0.89103568,
        0.89129796,  0.89138803,  0.8914227 ,  0.89152194,  0.89149661,
        0.89153231,  0.89136499,  0.89139349,  0.89144772,  0.89144934,
        0.89136727,  0.89146908,  0.89139435,  0.89145112,  0.89147456,
        0.89164701,  0.89140177,  0.89161914,  0.89162961,  0.8913146 ,
        0.89156372,  0.89136874,  0.8916499 ,  0.89123523,  0.89157362,
        0.89146762,  0.89106705,  0.89138323,  0.89158036,  0.89141477,
        0.89155918,  0.89157306,  0.89154342,  0.89163158,  0.89130902,
        0.89136583,  0.89124314,  0.89126541,  0.89133591,  0.89131313,
        0.89139388,  0.89135302,  0.89143424,  0.89150914,  0.8915463 ,
        0.89161126,  0.89149271,  0.89115209,  0.89165527,  0.89116   ,
        0.89123632,  0.89122259,  0.89137822,  0.89128625,  0.89156529,
        0.89175724,  0.89145493,  0.89144681,  0.89160155,  0.8914723 ,
        0.89131561,  0.89160308,  0.89141487,  0.89151888,  0.89138487,
        0.89167665,  0.89131619,  0.89140281,  0.89119471,  0.89147142,
        0.89109434,  0.89131236,  0.89171358,  0.89135488,  0.8913016 ,
        0.89160506,  0.89147952,  0.89152032,  0.89113639,  0.89138348,
        0.89157533,  0.89134934,  0.89122869,  0.89152914,  0.89163268,
        0.89148626,  0.89125938,  0.89150518,  0.89163473,  0.89146966,
        0.89141576,  0.89128376,  0.89131812,  0.8917704 ,  0.89152635,
        0.8913111 ,  0.89112666,  0.89123764,  0.8917712 ,  0.89151368,
        0.89136002,  0.89133752,  0.8915434 ,  0.89179655,  0.89126768,
        0.89180224,  0.89120316,  0.89102811,  0.8913492 ,  0.89145807,
        0.89152451,  0.89122102,  0.89163604,  0.89147159,  0.89159026,
        0.89150476,  0.89144707,  0.89161435,  0.89145008,  0.89163277,
        0.89131495,  0.89157605,  0.8913987 ,  0.8912844 ,  0.89145237,
        0.8915156 ,  0.89148337,  0.8915174 ,  0.8913858 ,  0.89130728,
        0.89133705,  0.89127015,  0.89125184,  0.89134897,  0.89137498,
        0.89128976,  0.89152377,  0.89138409,  0.89148316,  0.89120868,
        0.89155427,  0.89123565,  0.89159097,  0.89137596,  0.89128338,
        0.89146207,  0.8916351 ,  0.89134188,  0.89144137,  0.89143929,
        0.89134882,  0.89141527,  0.89099681,  0.89159749,  0.89133723,
        0.89156769,  0.89126162,  0.89107261,  0.89152892,  0.89146511,
        0.89131548,  0.89169693,  0.89174269,  0.89150102,  0.89155858,
        0.89163329,  0.89140917,  0.8914427 ,  0.89127135,  0.89125423,
        0.89148748,  0.89133959,  0.89114332,  0.89157974,  0.89165181,
        0.89149621,  0.89137879,  0.8914651 ,  0.89158743,  0.89141993,
        0.89135078,  0.89122325,  0.89128314,  0.89155113,  0.89136521,
        0.89122207,  0.89138004,  0.8914564 ,  0.89155029,  0.89167932,
        0.89150568,  0.89143773,  0.89160482,  0.89166867,  0.89147815,
        0.89153833,  0.89144619,  0.8912301 ,  0.89133979,  0.89147022,
        0.89118234,  0.89113842,  0.89124845,  0.89146413,  0.89141003,
        0.89145874,  0.89187017,  0.89135019,  0.8914698 ,  0.89152792,
        0.89147196,  0.89135798,  0.89129924,  0.89145943,  0.891417  ,
        0.89152633,  0.89145748,  0.89135929,  0.89147938,  0.89146019,
        0.89085125,  0.89156305,  0.89110933,  0.89156101,  0.89157386,
        0.8914122 ,  0.89145812,  0.89119086,  0.89106863,  0.89120832,
        0.8915341 ,  0.89144723,  0.89175839,  0.89138839,  0.89152856,
        0.89160759,  0.89119916,  0.89154369,  0.89120055,  0.89131669,
        0.89137541,  0.89153784,  0.89152801,  0.89135739,  0.89132972,
        0.89166123,  0.8914908 ,  0.89136065,  0.89158456,  0.89133237,
        0.8914689 ,  0.89123452,  0.89163878,  0.89150851,  0.8912867 ,
        0.89167477,  0.89142478,  0.89144558,  0.89136884,  0.89180799,
        0.8914697 ,  0.89152877,  0.89122342,  0.89144822,  0.89098561,
        0.89143587,  0.89156875,  0.89167482,  0.89155626,  0.89143264,
        0.89149695,  0.89158118,  0.89157155,  0.89152764,  0.8916497 ,
        0.89132086,  0.8915292 ,  0.89129835,  0.89116825,  0.89132991,
        0.89127679,  0.89131986,  0.89145385,  0.89122225,  0.89144694,
        0.89164091,  0.89100241,  0.89131488,  0.89135273,  0.89143275,
        0.89123713,  0.8909558 ,  0.89121949,  0.89139324,  0.89130515,
        0.89159779,  0.89123393,  0.89133018,  0.89141783,  0.89116094,
        0.89156165,  0.89119701,  0.89168771,  0.89153975,  0.89159033,
        0.89146968,  0.89190788,  0.89115555,  0.89129594,  0.89134278,
        0.89138437,  0.89132653,  0.8914364 ,  0.89142457,  0.89140609,
        0.89159598,  0.89159506,  0.89152545,  0.8915813 ,  0.89177062,
        0.89116733,  0.89107983,  0.89144907,  0.89159844,  0.8914724 ,
        0.89117794,  0.89129076,  0.89152293,  0.89167023,  0.89176142,
        0.89136545,  0.89148725,  0.8913925 ,  0.89140626,  0.89152854,
        0.89150057,  0.89161864,  0.89153785,  0.89122576,  0.89122724,
        0.8912512 ,  0.8914256 ,  0.89140237,  0.89170795,  0.8917228 ,
        0.89133151,  0.89122169,  0.89161583,  0.89130854,  0.89130156,
        0.89144335,  0.89138613,  0.89135945,  0.89160566,  0.89166122,
        0.89098515,  0.89126749,  0.8916773 ,  0.8914064 ,  0.89134574,
        0.89101121,  0.89136802,  0.89143834,  0.89111901,  0.89116991,
        0.89137908,  0.89130876,  0.89134736,  0.89180683,  0.89137629,
        0.89134982,  0.89156961,  0.89119933,  0.89142608,  0.89106618,
        0.8908388 ,  0.89155169,  0.8913072 ,  0.89153228,  0.89146327,
        0.891236  ,  0.89179464,  0.89139746,  0.89133075,  0.89128678,
        0.891197  ,  0.8917211 ,  0.89126874,  0.89171739,  0.89127854,
        0.89148726,  0.89162682,  0.89150056,  0.89160256,  0.89154342,
        0.8911634 ,  0.89156039,  0.89143804,  0.89182138,  0.89158558,
        0.89154837,  0.89156391,  0.89133651,  0.89137657,  0.89149976,
        0.89139221,  0.89111659,  0.89123678,  0.89110349,  0.89132346,
        0.8914954 ,  0.89133708,  0.89123425,  0.89170271,  0.89145105,
        0.89134168]), {'maxiter': 10}, <cma.CMAEvolutionStrategy object at 0x7fc2fae62908>, <cma.CMADataLogger object at 0x7fc2fae62b00>)