[-1.41939357 -2.34258297 -1.20663605 -0.82641721 -0.32997723  0.99471706
  1.36391634 -1.49778035 -0.64133748  3.9180539  -0.55989476  1.30303961
 -1.04283798 -0.30918232 -2.94597926  0.22429783 -1.58056545 -1.25705877
  1.55578903 -0.10599128 -0.54874202 -1.19532267  0.21938488  0.38009144
  0.0154204   0.1557393  -1.04726795  0.2181747   0.32635488 -0.46127718
  0.45547373  0.17749416  1.12844793 -0.58436987  0.29364994  1.32311259
 -0.14034322  0.57816539 -1.43672341 -1.10119917 -1.46551725 -0.82895887
 -0.60013488  0.46036042 -0.16265858 -0.53623711  0.24383352  0.92569102
 -1.52803491  1.85262671  0.3183769  -0.13574112  0.84404257 -0.95763312
 -0.46404019  0.66034074 -1.28572636 -0.06250327  0.91349947 -1.7318823
  1.48708621 -1.0739509  -0.43293327 -0.82220994  1.09923238 -0.95406703
 -0.5815175  -0.57713217  0.15969497  0.96673422  0.4582381   0.23951779
 -1.24991404 -0.15555718  1.69650606 -0.43629945 -0.19031435  1.73680069
  2.02743262  2.50785004  0.44768096 -0.74290217  0.71148036 -0.30411423
 -0.41030909  0.46292032 -0.23280591  0.78808279  0.44564115 -0.2906009
  1.1484325   0.56919413  0.01673529 -3.13986914  0.60873461 -0.25497943
  0.61828365  0.83584794 -0.47320969  1.33297553  0.84763072  1.87984338
 -0.8083992  -0.24255874 -0.74816012 -0.95172175 -1.6415509   0.57545333
 -0.13030612  1.96834889 -0.59312609 -0.62496398 -0.04581703 -1.5427782
  0.1913227  -0.20057197  0.10018976  1.27185419  0.2896968   1.22547537
 -0.08613809 -0.23768334 -0.62103528  1.1610446   0.67812348  1.24970603
 -1.08133038  0.48259788 -2.21842223 -0.18865914  0.06243955  1.88127966
 -1.48182132  1.12776907 -0.99599588  0.68175299 -1.50228278 -0.83049865
 -0.23771408 -0.61793423  0.25841607 -0.5465129  -0.62046895  0.84123274
 -1.50145926 -2.5959047  -0.69566703  0.07962543 -0.80978136  0.49036666
  0.77856191  1.01250882  0.49698231 -2.56301083 -0.57422415 -0.08685522
 -0.71637752  0.3659592  -1.67527777  1.22404265 -0.1393301  -1.95205433
 -0.64833309 -1.54713579 -1.08858982  0.2715994   1.77970952  0.66474481
  0.06682795 -1.59187364 -1.25904725 -1.21208067 -0.18701465  1.56595425
 -0.55845142 -0.66162815  0.39895181  1.55377211 -1.43227583  1.30276383
  0.61307354  1.86502204 -0.24655706  2.26549139 -0.15698272  0.73545941
 -0.11442732 -1.23422913 -0.39616907  0.05377077 -0.35608449 -0.44063274
  0.64009583  1.02417866  1.19824907 -0.49527581 -1.08806914  0.62708849
 -1.04402784  0.76029656  0.29296092  0.56361183  0.09625743 -1.42129013
  0.38432998  2.96948182  1.01790219 -1.36928031  0.35438651  0.14243352
  0.61021356  1.0157894   0.2903061  -0.20156163  0.4316732   1.30249631
 -0.18244263  0.50966095  0.49002091  1.59948867 -0.06343272  0.07640412
 -0.84343882 -1.0622915  -1.39298761  0.37693853  0.43476984 -0.35781988
  0.8189888  -0.36534632 -1.26613055  0.37877834 -0.22479146  0.79086228
 -1.54689557 -0.98079884 -0.59288377 -0.89342485  1.34036019 -0.28031238
  0.99398606 -0.32787448  0.78920584  0.32172161  1.51944553  0.51979282
  1.49240705 -1.25964776  0.41046123  2.17700296 -1.94040427  1.53460736
 -0.03207064 -0.1959302   0.70708767  0.83629564  1.75704477  2.56573648
  1.47270456  0.61759924 -0.46882955  0.89636104  0.87162679  1.14558336
 -0.24951842 -1.42738287  1.07923355  0.22546544  1.63291749 -0.75383287
 -2.00634838 -0.34427208  0.47040385 -1.37482725  0.0937484   0.71381488
 -0.11148639 -0.57434293 -0.3963339  -0.17962167 -1.51678827  2.37801921
 -0.48650149 -0.9281026  -1.12841378 -0.12685462 -1.49690738 -0.13384365
  2.5901374  -1.22203182  3.46907258  0.58661144  0.19419078  0.24684212
  0.95661537 -0.68259978 -0.62785009  2.23466156  0.18540385 -0.1828994
 -0.8126607   0.46191952 -0.23267266  0.91270544  1.08438709 -0.7363648
  0.47393986 -0.77789975 -0.03253599  0.16634185 -0.78831963 -0.01792548
 -1.1933132  -0.02272273  0.29773058 -1.76243194  0.78714609 -2.17002121
 -0.67568326 -2.15609086 -2.40938577 -0.90648418 -0.08906703  0.42762063
  0.41616797  0.42302194 -1.10964077  0.09086297 -0.20581322 -0.24614758
  0.33140067 -1.43867443 -0.47885714  0.47620412 -1.33156958 -0.75033688
 -0.94096533 -1.21221094  2.40628901 -1.03285062  0.0540033  -1.23738083
  0.51586986  1.66182276  0.32295469  1.58984707  0.32542147  0.03547409
  1.295103   -0.00853004  1.79076864 -0.02063303  0.67262573  0.84173749
  1.56006786  1.98717553 -1.05608135  1.59199806  0.48018614 -0.75808099
 -0.47930503  0.56354543 -0.14772266  0.91494188  2.04573264 -0.16419147
 -0.24400068  0.67348015 -0.49144476  0.87000234  0.85274962  1.80411098
  1.98593502  0.8781431   0.23840879  0.03093062 -1.13798483  0.84969309
 -0.73496903  1.63407321  0.51323176  1.40289847  0.12602716 -0.57770956
  0.07983695  0.07556967 -0.32253559  1.64583495 -0.28863675 -0.53955809
  1.48960538 -0.90031925 -0.3984005   0.64545485 -0.87235463 -0.36312389
 -0.33753302 -3.56633295  0.03612471 -1.2288662  -0.45991264  1.52858715
 -0.63319355 -1.89839046 -0.06508335 -0.50738706  1.32816718 -0.60065307
  0.32263545 -1.18996199  0.28449054  1.54388498 -0.93467424  0.52863596
 -0.39728109 -0.67500678 -0.95517172 -1.08024295  1.33120224 -0.41866956
  0.81541387  1.97290482 -1.2401985  -0.60013111  0.93338649  1.93327342
 -1.66873203 -0.4029828  -0.66898396 -0.48024258  0.49815357 -0.20739866
 -0.09517038 -0.23742753  2.89283516  0.53946299 -0.29921953  1.71889094
  0.25119601  1.02912067  2.07491077 -1.67425331 -0.08493873  2.61276889
  2.01708592  0.27567944  0.25916725 -0.63700871 -0.65674766 -0.81648013
  0.05108406  0.37936745 -0.5664558   0.35125276  0.54552804  1.43948047
  0.10132129  0.66931419  1.72736445 -1.5801379  -1.28073992  1.73093536
  0.39122328  1.24555244  0.2129943   0.65393365  1.15222194 -0.31724838
  1.72764238 -0.03459052  0.70161336  0.37994638  0.6347203  -0.77767421
 -0.7865651   0.4622688  -0.29139279 -1.074377    2.30902808 -0.00553207
 -0.9747907  -0.13924586  0.79879989 -0.33733844  1.13554964  1.39542447]