[[ -3.24095482e+01  -6.69528033e+01  -1.25457840e+02  -5.83440610e+01
   -4.08196079e+01  -9.96388057e+01]
 [  1.11698053e+04  -1.63743860e+04   7.08245392e+03  -4.16386653e+02
    7.23372861e+03  -5.78359514e+03]
 [  2.65432248e+03  -5.26219526e+03  -4.03661015e+03   2.29195159e+03
    1.03955688e+03   7.95740591e+03]
 ..., 
 [  5.54433539e+03   3.52827819e+04   1.30066034e+04  -5.38173598e+03
   -3.51599300e+03   3.91083009e+02]
 [  1.60551006e+03   1.38313206e+04   8.76238470e+03  -6.30699636e+03
   -2.61715593e+03  -9.94675101e+03]
 [ -1.08182750e+03  -6.29534239e+03   3.90003611e+03  -2.91084943e+03
    8.26784636e+02  -8.16827492e+03]]