[  8.04314503e+00   8.04314503e+00   8.04314503e+00  -1.00459241e-09
  -0.00000000e+00  -1.36441297e-09   2.55338963e+01   2.55338963e+01
   2.55338963e+01   1.85865019e+01   1.85865019e+01   1.85865019e+01
  -2.14966102e+01  -2.14966102e+01  -2.14966102e+01   4.13671038e+01
   4.13671038e+01   4.13671038e+01   1.97071772e+01   1.97071772e+01
   1.97071772e+01  -1.34831136e+01  -1.34831136e+01  -1.34831136e+01
   5.12826418e+01   5.12826418e+01   5.12826418e+01   8.04314503e+00
   8.04314503e+00   8.04314503e+00  -4.02539656e-10  -4.02539656e-10
  -4.02539656e-10   2.55338963e+01   2.55338963e+01   2.55338963e+01
   1.85865019e+01   1.85865019e+01   1.85865019e+01  -2.14966102e+01
  -2.14966102e+01  -2.14966102e+01   4.13671038e+01   4.13671038e+01
   4.13671038e+01   1.97071772e+01   1.97071772e+01   1.97071772e+01
  -1.34831136e+01  -1.34831136e+01  -1.34831136e+01   5.12826418e+01
   5.12826418e+01   5.12826418e+01   8.04314503e+00   8.04314503e+00
   8.04314503e+00  -4.02539656e-10  -4.02539656e-10  -4.02539656e-10
   2.55338963e+01   2.55338963e+01   2.55338963e+01   1.85865019e+01
   1.85865019e+01   1.85865019e+01  -2.14966102e+01  -2.14966102e+01
  -2.14966102e+01   4.13671038e+01   4.13671038e+01   4.13671038e+01
   1.97071772e+01   1.97071772e+01   1.97071772e+01  -1.34831136e+01
  -1.34831136e+01  -1.34831136e+01   5.12826418e+01   5.12826418e+01
   5.12826418e+01]