[  3.55661508e-01   3.56488597e-01  -2.98586527e-01  -2.89577547e-02
  -1.93620948e-02  -1.00735550e-02   1.83154386e+00   6.14958660e-01
   7.45428534e-01  -3.76548424e+00   6.43246330e+02  -1.45450751e+01
   2.20272032e+01   1.73787913e+01   1.69429685e+01  -6.69571662e+01
  -6.68414158e+01  -6.68344134e+01   2.93890513e+00   2.93890513e+00
   2.93890513e+00  -1.54845410e+00  -1.54845410e+00  -1.54845410e+00
   1.64452401e+00   1.64452401e+00   1.64452401e+00   3.58642745e-01
   3.58642745e-01   3.58642745e-01  -0.00000000e+00  -0.00000000e+00
  -0.00000000e+00   1.23373663e+00   1.23373663e+00   1.23373663e+00
  -1.49884001e+01  -1.49884001e+01  -1.49884001e+01   1.68968772e+01
   1.68968772e+01   1.68968772e+01  -6.68344134e+01  -6.68344134e+01
  -6.68344134e+01   2.93890513e+00   2.93890513e+00   2.93890513e+00
  -1.54845410e+00  -1.54845410e+00  -1.54845410e+00   1.64452401e+00
   1.64452401e+00   1.64452401e+00   3.58642745e-01   3.58642745e-01
   3.58642745e-01  -0.00000000e+00  -0.00000000e+00  -0.00000000e+00
   1.23373663e+00   1.23373663e+00   1.23373663e+00  -1.49884001e+01
  -1.49884001e+01  -1.49884001e+01   1.68968772e+01   1.68968772e+01
   1.68968772e+01  -6.68344134e+01  -6.68344134e+01  -6.68344134e+01
   2.93890513e+00   2.93890513e+00   2.93890513e+00  -1.54845410e+00
  -1.54845410e+00  -1.54845410e+00   1.69652802e+00   1.67220434e+00
   1.69028440e+00]