[ 0.99793444  0.99270818  1.          0.00677438  0.01516409  0.
  0.46948833  0.48209959  0.47630189  0.34413525  0.34784135  0.32098399
  0.33037969  0.31125296  0.31207725  0.35057551  0.35057184  0.3505721
  0.44323681  0.44323681  0.44323681  0.19821974  0.19821974  0.19821974
  0.47602877  0.47602874  0.47602874  0.99846868  0.99846868  0.99846868
  0.00251869  0.00251869  0.00251869  0.46782442  0.46782442  0.46782442
  0.35014144  0.35014144  0.35014144  0.3120797   0.3120797   0.3120797
  0.3505721   0.3505721   0.3505721   0.44323681  0.44323681  0.44323681
  0.19821974  0.19821974  0.19821974  0.47602874  0.47602874  0.47602874
  0.99846868  0.99846868  0.99846868  0.00251869  0.00251869  0.00251869
  0.46782442  0.46782442  0.46782442  0.35014144  0.35014144  0.35014144
  0.3120797   0.3120797   0.3120797   0.3505721   0.3505721   0.3505721
  0.44323681  0.44323681  0.44323681  0.19821974  0.19821974  0.19821974
  0.47612039  0.47609137  0.47545549]