[ 1.3531107   1.34247934  1.35731252 -0.66312888 -0.64606235 -0.67690947
  0.278134    0.30378812  0.29199431  0.02313803  0.03067705 -0.02395678
 -0.00484384 -0.04375186 -0.04207506  0.03623895  0.03623147  0.036232
  0.22473258  0.22473258  0.22473258 -0.27368653 -0.27368653 -0.27368653
  0.29143872  0.29143866  0.29143866  1.35419746  1.35419746  1.35419746
 -0.67178589 -0.67178589 -0.67178589  0.27474924  0.27474924  0.27474924
  0.03535594  0.03535594  0.03535594 -0.04207008 -0.04207008 -0.04207008
  0.036232    0.036232    0.036232    0.22473258  0.22473258  0.22473258
 -0.27368653 -0.27368653 -0.27368653  0.29143866  0.29143866  0.29143866
  1.35419746  1.35419746  1.35419746 -0.67178589 -0.67178589 -0.67178589
  0.27474924  0.27474924  0.27474924  0.03535594  0.03535594  0.03535594
 -0.04207008 -0.04207008 -0.04207008  0.036232    0.036232    0.036232
  0.22473258  0.22473258  0.22473258 -0.27368653 -0.27368653 -0.27368653
  0.2916251   0.29156606  0.29027254]