[[  2.03313725e+07  -8.81341287e+06  -1.15775908e+06  -3.39568395e+06
    3.95483666e+06  -6.98901822e+06]
 [ -1.93795356e+06   5.18836968e+05   1.34423387e+05   1.99840797e+05
   -3.80244357e+05   2.52215812e+05]
 [  4.27047927e+05  -4.03194143e+04  -3.09587505e+04   5.67234013e+04
    8.14302969e+04   1.04882519e+05]
 [ -7.96551304e+06   3.59161688e+06   3.77952059e+05   1.29726306e+06
   -1.56616447e+06   2.81753168e+06]
 [  7.82216574e+05  -2.52444816e+05  -4.47496600e+04  -9.77482755e+04
    1.57599808e+05  -1.49475531e+05]
 [ -1.74769113e+05   3.40612414e+04   1.09665012e+04  -5.55042349e+03
   -3.53389435e+04  -1.46827317e+04]
 [  8.65033443e+06  -3.89993704e+06  -2.87933055e+05  -1.32095698e+06
    1.69523749e+06  -3.07425536e+06]
 [ -8.91016740e+05   3.09091064e+05   3.34509508e+04   1.17511368e+05
   -1.79688332e+05   2.07479445e+05]
 [  2.10427429e+05  -5.24850390e+04  -8.26790567e+03  -8.07787868e+03
    4.30141840e+04  -9.95677148e+03]
 [  2.93874195e+04  -2.94890340e+04   3.44454173e+03  -7.17019637e+02
    9.43771783e+03  -1.41980583e+04]
 [ -2.06606552e+04   7.23874656e+03  -2.92118650e+03   4.64082768e+03
   -5.41264438e+03   7.25348857e+03]
 [  8.98926394e+03   6.33872680e+02   3.36708473e+03   2.49842607e+02
    2.78219597e+03   1.60189826e+03]
 [ -4.33027447e+03   3.80855930e+03  -8.19148117e+02   2.25440517e+02
   -1.58761754e+03   1.53776515e+03]
 [  3.59376109e+03  -1.41221822e+03   4.65177193e+02  -9.79951332e+02
    9.62105040e+02  -1.47672347e+03]
 [ -1.61995893e+03   1.37634686e+02  -5.26681957e+02   1.20090802e+02
   -4.83528632e+02   5.74925398e+01]
 [  1.43751570e+03   5.53384656e+00   5.30586584e+02  -8.96837698e+01
    6.64778516e+02   6.19577317e+02]
 [ -1.59393276e+03   5.59849073e+02  -2.09086213e+02   5.51943945e+02
   -4.44676715e+02   6.82930006e+02]
 [  7.38723186e+02  -4.93822373e+01   2.17422485e+02  -1.41524995e+02
    2.17226728e+02  -9.59121341e+01]
 [  1.57601018e+04  -9.71486759e+04  -1.39420754e+05   5.75176023e+04
   -3.12649095e+04   7.07628989e+03]
 [  3.95195724e+04   1.04076898e+05   2.17829760e+05  -1.30214215e+05
    6.08942813e+04  -8.30512080e+04]
 [ -1.04108136e+06  -1.68725824e+05  -1.35751312e+06   9.03598945e+05
   -4.30678126e+05   1.16260919e+06]
 [ -6.44077502e+03   1.65010914e+04   2.29718616e+04  -6.67391196e+03
    5.39247246e+03   4.04533612e+03]
 [  3.46863612e+03  -1.57117689e+04  -2.81601409e+04   1.27591418e+04
   -8.67357004e+03  -2.48067625e+02]
 [  1.12730748e+05   3.41604333e+04   1.64664985e+05  -9.51136850e+04
    5.36634850e+04  -1.08318623e+05]
 [  3.90840065e+03  -6.43650717e+03  -1.02389496e+04   1.62738977e+03
   -2.49423997e+03  -3.06993016e+03]
 [ -4.40874320e+03   5.17547562e+03   1.01393576e+04  -2.33473802e+03
    3.42420747e+03   3.96324137e+03]
 [ -3.15787736e+04  -1.41153429e+04  -5.53186830e+04   2.39458497e+04
   -1.78752794e+04   2.42813075e+04]
 [  4.48905550e+04  -3.24427631e+04   6.15887047e+04  -1.64074832e+04
    2.64146531e+04  -4.14250773e+04]
 [ -9.87800888e+03   1.07898129e+04  -3.35335720e+04   1.09573349e+04
   -9.97753925e+03   2.46621610e+04]
 [ -5.35474350e+03   4.66574874e+03   2.26750228e+04   5.96172369e+03
    3.77726103e+03   4.06077812e+03]
 [ -2.08514683e+04   1.69656436e+04  -3.52643892e+04   8.70571947e+03
   -1.38912020e+04   2.29506869e+04]
 [  3.46227103e+03  -3.72642439e+03   1.79352660e+04  -4.22068609e+03
    4.84026456e+03  -1.03913417e+04]
 [  5.82728290e+03  -5.57348020e+03  -1.20703370e+04  -4.96339604e+03
   -1.35023399e+03  -5.97258601e+03]
 [  2.31647182e+04  -1.81510815e+04   5.08661438e+04  -1.00459887e+04
    1.82103095e+04  -2.73528329e+04]
 [ -9.63468958e+02   4.86394924e+02  -2.47860896e+04   3.16726003e+03
   -5.71383511e+03   8.83048357e+03]
 [ -1.40970958e+04   1.41616821e+04   1.66244027e+04   1.02154299e+04
    5.09566641e+02   1.58615553e+04]
 [  3.86280054e+02   5.50268674e+02   3.68076666e+02   1.74125785e+01
    9.80636556e+01   2.48072830e+02]
 [ -6.47677996e+01  -1.70121393e+02   4.10845908e+01  -6.02218947e+01
    2.92153083e+01  -1.23635923e+02]
 [  1.40763100e+02   9.39160085e+01   7.21387822e+00  -2.05991432e+01
    5.96073324e+00   3.62533369e+00]
 [ -9.44979537e+01  -2.58175342e+02  -5.04005424e+01  -9.33673550e+00
   -4.66035070e+00  -1.40917440e+02]
 [  4.84938384e+01   6.92431777e+01  -3.71909850e+01   8.98879890e+00
   -8.11404903e+00   5.06653903e+01]
 [  4.50913137e+00  -5.76493739e+01  -2.16127207e+01   1.06962936e+02
   -6.23045593e+00   6.47369944e+01]
 [  5.15401399e+01   1.92592279e+02   1.32866159e+01   1.53914930e+01
   -7.43565697e+00   1.12221271e+02]
 [ -5.30639466e+01   2.16874833e+01   5.23486581e+01  -1.93787445e+01
    4.07679424e+00  -1.13261417e+01]
 [ -1.29624285e+01   1.20844058e+02   2.74186754e+01  -6.69960947e+01
    2.97769451e+00   1.53862106e+01]
 [ -1.69412481e+04   3.92099255e+04   5.51850529e+03   5.63252327e+03
   -7.98710344e+02   3.67776844e+04]
 [  2.31583827e+04  -2.80017702e+04   2.84716791e+03  -1.16083109e+04
    3.09007155e+03  -3.73104935e+04]
 [ -4.52898491e+04   2.58127562e+04   1.27550252e+04   2.57153698e+04
   -2.78645862e+03   4.68880116e+04]
 [  1.93981848e+03  -9.26747399e+03  -6.07068904e+03  -2.34249346e+03
   -8.94180167e+02  -7.83646420e+03]
 [ -7.24009605e+02   1.08604271e+03   8.18691262e+03   4.51498242e+03
    1.76557875e+03   3.68321755e+03]
 [ -7.24283496e+03   2.66355639e+04  -4.78034732e+04  -6.84015544e+03
   -8.97526224e+03   3.21120133e+04]
 [  3.97990522e+02   6.44979934e+03   6.47477547e+03   1.68616704e+03
    1.21561299e+03   4.58265954e+03]
 [ -2.73195668e+03  -1.20369774e+03  -7.57656404e+03  -3.28479002e+03
   -2.05134086e+03  -2.46648018e+03]
 [  2.08269556e+04   9.99914448e+01   3.87179913e+04   4.14909589e+03
    7.99793715e+03  -1.39277379e+04]
 [ -2.33792678e+04   9.13346667e+03  -5.29530679e+03  -4.76834496e+03
   -1.14519747e+04  -1.42830774e+04]
 [ -1.74275413e+03  -1.15120654e+04   4.09104161e+03  -3.45711939e+02
    3.58074462e+03  -2.86309085e+03]
 [ -6.44873791e+03  -5.80901135e+03  -3.69110151e+03  -6.06674962e+02
   -1.08629833e+03  -2.70831128e+03]
 [  1.31571770e+04  -5.94521205e+03   3.24743928e+03   2.47924798e+03
    6.40722142e+03   6.89335241e+03]
 [ -4.61137133e+01   6.19497838e+03  -2.76339331e+03   2.62443584e+02
   -1.98706392e+03   2.22683185e+03]
 [  6.73957833e+03   9.51659170e+03   2.50810938e+03   9.05138821e+02
    2.59083438e+02   4.66259992e+03]
 [ -1.92943991e+04   8.30775283e+03  -4.68549821e+03  -3.83630364e+03
   -9.23656776e+03  -1.03138589e+04]
 [  1.78939434e+03  -4.49641908e+03   4.49828278e+03   4.11222622e+01
    2.66898804e+03  -7.85391872e+02]
 [ -1.59023604e+04  -3.28676018e+04  -3.82244621e+03  -3.47747495e+03
    6.50255737e+02  -1.89613649e+04]
 [  4.31430132e+03   2.49769696e+04   8.96827606e+03   2.90383301e+03
   -8.16729849e+02   1.25602709e+04]
 [  3.80820922e+02  -2.49644022e+03  -8.11925465e+02   1.39349312e+02
    1.64957727e+02  -9.47779743e+02]
 [  2.90271121e+02  -4.63018081e+01   1.49144154e+02   9.43757254e+01
    6.01421295e+01  -2.03320977e+01]
 [  1.80250930e+03  -2.21874867e+04  -7.00195096e+03  -5.49319844e+02
    9.20218890e+02  -1.12606235e+04]
 [ -1.24341951e+03   7.17370240e+02   2.66454689e+02  -7.66886377e+02
   -3.66890667e+01  -9.67384205e+01]
 [ -8.46049430e+02   1.57364777e+03   5.29602794e+01  -2.50437435e+02
   -2.63378514e+02   6.24824954e+02]
 [ -2.73795973e+03   3.15655000e+04   1.08140879e+04  -9.79003111e+01
   -8.06697455e+02   1.56816573e+04]
 [ -1.82789623e+03   9.14915883e+03   1.19307804e+03   1.05974135e+03
   -9.77943805e+02   5.78738865e+03]
 [  1.10838887e+04  -1.26210312e+04  -7.14726668e+02   4.64320948e+03
    1.84540443e+03  -4.14315404e+03]
 [  4.71154916e+05   1.30042707e+07   5.75938056e+06  -4.31175088e+06
   -1.00645494e+06  -1.26648743e+06]
 [  1.73717805e+06  -3.12051231e+06  -1.59478628e+06   7.57549757e+05
    2.92614060e+05  -4.31698484e+05]
 [ -1.46436137e+06   2.11625347e+06   1.05896308e+06  -2.93428103e+05
   -1.49432869e+05   7.89022736e+05]
 [  2.40886103e+06  -1.05493562e+07  -1.98724347e+06   1.36465560e+06
    9.29511067e+05  -3.98177784e+06]
 [ -1.69864868e+06   6.94912221e+05   1.30970860e+06   2.42878010e+05
    1.55496671e+05   8.90494770e+05]
 [  9.13964119e+05  -6.81369407e+05  -8.55954553e+05  -5.87386563e+05
   -1.84441935e+05  -1.36946959e+06]
 [ -2.43733254e+06   1.01329877e+07   3.97213805e+06  -1.08784486e+06
   -3.17117483e+05   3.93594359e+06]
 [ -1.77242316e+06   1.12147541e+07  -6.20582100e+06  -4.73646028e+05
   -2.75005593e+06   6.75709466e+06]
 [ -2.10274496e+05  -5.10877333e+06  -1.90006078e+06   1.51950741e+06
    3.81323538e+05   1.68791933e+04]]