[[ -1.01689927e+03  -2.36620271e+02  -4.59646712e+02  -1.61865508e+02
   -3.81487135e+02  -5.61169475e+02]
 [ -1.57216078e+05   3.58406877e+04  -2.49429372e+04   5.94809899e+04
   -9.74543419e+03   1.59776827e+05]
 [  9.51701766e+02  -9.02813520e+04   6.30696820e+04   5.08812575e+03
    1.35920834e+04  -7.79544607e+04]
 ..., 
 [ -2.20270589e+04  -1.05136904e+05   2.58729984e+04  -7.69777826e+03
    8.16683893e+03  -8.16855808e+04]
 [ -4.40844420e+04  -2.41218947e+05   5.45318357e+04  -1.70792041e+04
    2.63849122e+04  -1.65060241e+05]
 [ -3.55396425e+04  -2.27009270e+05   5.01417694e+04  -1.45877524e+04
    2.84083872e+04  -1.45871527e+05]]