[[ -4.11291287e+04   2.33686507e+03  -2.79219021e+04  -8.88809894e+03
   -1.25518610e+04  -2.44400030e+03]
 [  3.47765972e+04  -2.76387611e+03   1.88146929e+04   1.09916757e+04
    8.56642611e+03   3.40974839e+03]
 [  2.32057036e+04  -1.01102897e+03   1.49824179e+04   2.52781285e+03
    7.27048060e+03  -5.56034242e+01]
 [ -1.79730949e+04   1.27635433e+03  -1.05492182e+04  -2.97352006e+03
   -5.08346448e+03  -4.64335542e+00]
 [ -1.18031009e+03   1.61419016e+02  -1.11962463e+03   3.08364060e+02
   -3.73479848e+02   8.14671437e+02]
 [  1.16682554e+03  -9.72167153e+01   9.61001815e+02  -8.63199176e+01
    4.07138363e+02  -3.32722272e+02]
 [  2.56356470e+02  -5.63576822e+02   1.49824693e+02  -2.57188138e+02
    8.98539013e+01  -6.75613151e+02]
 [ -2.61807696e+02   7.54252703e+02  -1.41518333e+02   2.60025195e+02
   -9.96766953e+01   7.97606611e+02]
 [ -9.86187534e+02   2.55062357e+03  -1.76024226e+03  -3.26406495e+02
   -2.79629703e+02   2.63107305e+03]
 [ -3.48407581e+02   1.57117707e+03   5.16926127e+02   4.81335746e+02
   -6.60877279e+01   1.27054864e+03]
 [  2.16963627e+02  -3.14239846e+02   9.04389553e+02   1.52741056e+02
    7.85793785e+01  -6.50411345e+02]
 [  7.66458360e+02  -2.55085136e+03  -3.41947271e+01  -2.21165075e+02
    1.68977143e+02  -2.02835988e+03]
 [  2.37537143e+02  -1.74384570e+03  -1.16940204e+03  -2.98097696e+02
   -3.29594675e+01  -9.19481244e+02]
 [  7.90312558e+01   4.15374736e+02   3.76341435e+02   2.99986012e+01
    6.00074255e+01   1.79870549e+02]
 [  3.21885152e+03   7.76545332e+03   6.96967706e+03   1.22751805e+03
    1.35826857e+03   4.03040929e+03]
 [ -1.08678912e+03  -1.89011648e+03  -2.14015838e+03  -2.79568159e+01
   -5.20807823e+02  -7.18083277e+02]]