[[  4.59731218e+01   3.81933562e+01   8.10631394e+01  -2.33154887e+00
    8.82601989e+00  -2.49417286e+01]
 [ -1.02636247e+04  -2.10413686e+04   3.55885380e+03   5.78000351e+03
   -4.59201529e+03  -2.19503311e+04]
 [  2.14337009e+04  -4.37094628e+02   2.98253062e+04  -5.03798377e+03
    8.62401451e+03  -1.53309428e+04]
 ..., 
 [  1.10668101e+00  -1.55284576e+01   1.65327125e+01   2.19730704e+00
    5.38686967e+00  -5.07374570e+00]
 [ -1.17800755e+00  -1.60173271e+01   2.04589648e+01   3.97533746e+00
    6.70511444e+00  -2.49663103e-02]
 [ -3.16293935e+00  -9.29384394e+00   1.19434756e+01   3.46854090e+00
    4.27739365e+00   4.81342744e+00]]