[[  -40053.87642692     5715.66262788   -24200.83317819    -2039.19393046
    -17416.48391301    -7713.31685403]
 [  -65829.06728712   -57449.77029083   -82370.32855476   -13097.57732753
     -6079.99166665    12132.36575149]
 [ -151733.31025022   221203.59154224  -314693.99282448    90666.03926812
   -154016.25809014   211435.68791091]
 ..., 
 [   14916.01698112   323466.4091558   -322120.04111785     4265.34661275
   -129981.59004521   124792.49446157]
 [ -109743.3921957   -913326.73790532  -126803.24506593   143625.13511088
   -253221.54352546 -1061794.08081639]
 [   -8812.93222618  -956276.48455507   121186.59873891   120537.65167859
   -137238.53367138 -1023193.23602355]]