[[-171923.35575986   95191.20825559  -67927.31972027   45549.94366012
   -64554.34879589   81937.17440332]
 [ 138134.72995043  -41258.70357396  -34675.57818758  -19880.40210029
    14656.04634243  -42731.29882002]
 [-217922.47193527 -239202.82659513  -92440.79186988   94154.72312474
   -70307.07201719  -98818.0024057 ]
 ..., 
 [-268769.67867517  178974.84326638 -143440.11072099  124978.05562529
  -121997.54847538  191732.03791347]
 [ 198543.83475494 -482917.05187666  329399.71682644 -137082.71871114
   238260.17469406 -286695.64989328]
 [ -90538.18169212  255014.94346493 -181361.07196522   54787.04967833
  -127341.52468586  131291.10714746]]