[[ -51828.23638391  -55578.69912009   12288.00731003   -7650.27451122
     8578.32041901  -20825.92865688]
 [  90118.36843872 -227651.29859757   71022.27241898   40209.15982389
    68311.47729588  -66535.97667789]
 [  71329.00630188 -215111.97625923  123116.65665817   13939.63881016
    93139.28348541  -66834.34418201]
 ..., 
 [-177356.26330566   57671.0732193  -125071.71308899   17698.93046188
   -60042.4023819    66901.50940704]
 [  17848.96600342   83636.57305145   24422.923172     -8442.98826599
    -5561.57014465    9363.21405792]
 [   8890.13842773  -92828.59856796    8327.24957275    2610.73031235
    17016.79273987  -28314.45948029]]