[[  5.24971016e+04  -1.41269639e+04   5.36122708e+03  -2.22226103e+03
    9.18867629e+03  -1.61174904e+04]
 [ -3.60529034e+03  -1.34646620e+02  -2.04716531e+03   4.38195216e+03
   -1.81254163e+03   3.04543524e+03]
 [ -4.84025159e+03   7.91328946e+03   7.15743155e+03  -6.48237066e+02
    1.81464326e+03   7.16683322e+03]
 [ -7.52042513e+02   1.82988897e+02  -8.82408410e+02  -1.03032278e+03
   -2.17680060e+02  -6.00700821e+02]
 [ -1.08360991e+02  -3.12923125e+01   1.57658596e+02  -7.62253836e+00
    3.57474132e+01  -2.19862708e+01]
 [  8.11643201e+02  -1.53579797e+02   1.14664958e+01  -4.70394388e+00
    1.33403817e+02  -1.12171901e+02]
 [  7.90564895e+01  -3.45375386e+02   8.27687342e+01  -2.74596862e+01
    5.05282454e+01  -2.60639743e+02]
 [ -7.81680446e+01   4.44138271e+03   1.26674405e+02   3.99157014e+02
   -2.05403335e+02   3.28920823e+03]
 [  5.84640432e+02  -1.06453484e+03  -8.68960520e+02  -9.29587268e+01
    6.04411416e+01  -3.33163875e+02]
 [  1.74841422e+01   1.35954503e+03   1.09153635e+03   9.13194064e+02
    9.59139790e+01   1.38525492e+03]
 [ -3.94292972e+02   2.29077451e+03   2.15901326e+03   1.04083399e+02
    1.19416687e+02   6.88910039e+02]
 [ -1.52017426e+02  -1.69872503e+03  -2.08808395e+03  -7.75869947e+02
   -2.60378950e+02  -1.10623752e+03]
 [  1.01139974e+05  -2.18347283e+04   4.68046684e+04  -1.27565417e+04
    3.38643949e+04  -1.99756332e+04]
 [ -1.45144110e+04  -1.80192368e+03  -9.51970155e+03  -5.34215102e+02
   -5.64044208e+03  -3.56002803e+03]
 [ -5.85658090e+04   7.07441091e+04  -3.27640219e+03   3.96184036e+03
   -1.76659631e+04   4.03273654e+04]
 [  4.86293972e+04   5.57418826e+04   3.09667539e+02   4.54266273e+04
    2.89816257e+03   8.02036561e+04]]