[[ -6.97459819e+03   4.14684907e+02  -6.93280742e+03  -3.37244105e+03
   -2.65903720e+03  -1.98737278e+03]
 [  6.21606769e+03   6.89514350e+02   4.37300817e+03   4.14261112e+03
    1.56671787e+03   3.13293679e+03]
 [  2.75913069e+03  -8.98589982e+01   2.61731661e+03   9.49460756e+02
    1.05220836e+03   5.27787918e+02]
 [ -2.31642443e+03  -2.72650686e+02  -1.74004454e+03  -1.15252237e+03
   -6.57988293e+02  -8.66065750e+02]
 [ -6.04019048e+01   8.42347840e+01   1.82460390e+02  -7.11968624e+01
    4.78052283e+01  -1.25448378e+00]
 [  1.42587047e+02  -5.11795579e+01  -5.76249953e+00   1.14519037e+01
    1.83209713e+01  -3.41323071e+01]
 [  1.82854734e+01  -6.99492603e+01  -6.92743241e+01   1.50850005e+00
   -1.15365153e+01  -3.61849642e+01]
 [ -2.10788118e+01   8.55268879e+01   3.27453358e+00   7.10828276e+01
   -8.22153801e+00   1.23158025e+02]
 [ -1.29762547e+02   1.02302312e+03  -5.01444936e+02  -1.70997593e+02
   -7.86105759e+01   8.38619922e+02]
 [ -2.24695315e+02   5.91408842e+02   3.11192810e+02   2.36657414e+02
   -2.71526249e+01   4.82878265e+02]
 [ -2.44260057e+01  -8.29071492e+01   2.18888410e+02   5.55085295e+01
    1.31971831e+01  -1.26319305e+02]
 [  2.07805795e+02  -6.83953380e+02  -1.33097644e+02  -7.32211263e+01
    3.88618364e+01  -4.85250503e+02]
 [  3.05280762e+02  -1.04550226e+03  -7.05036738e+02  -1.92887427e+01
    4.47299876e+01  -3.09767163e+02]
 [ -6.87586788e+01   3.27975839e+02   2.63723824e+02  -2.09579516e+01
    6.28061491e+00   7.76062567e+01]
 [ -2.69316932e+02   1.62199053e+03   1.27753855e+03  -6.81209041e+01
    3.57125488e+01   4.25820189e+02]
 [  9.25818008e+01  -5.39091526e+02  -5.11109286e+02   9.18419199e+01
   -4.53382598e+01  -8.96481200e+01]]