[ 1.8857389   1.8857389   1.8857389  -0.63848953 -0.63848953 -0.63848953
  0.19460376  0.19460376  0.19460376 -0.04414744 -0.04414744 -0.04414744
  0.04325698  0.04325698  0.04325698 -0.02375374 -0.02375374 -0.02375374
 -0.02846842 -0.02846842 -0.02846842  0.0186158   0.0186158   0.0186158
  0.00549079  0.00549079  0.00549079  1.8857389   1.8857389   1.8857389
 -0.63848953 -0.63848953 -0.63848953  0.19460376  0.19460376  0.19460376
 -0.04414744 -0.04414744 -0.04414744  0.04325698  0.04325698  0.04325698
 -0.02375374 -0.02375374 -0.02375374 -0.02846842 -0.02846842 -0.02846842
  0.0186158   0.0186158   0.0186158   0.00549079  0.00549079  0.00549079
  1.8857389   1.8857389   1.8857389  -0.63848953 -0.63848953 -0.63848953
  0.19460376  0.19460376  0.19460376 -0.04414744 -0.04414744 -0.04414744
  0.04325698  0.04325698  0.04325698 -0.02375374 -0.02375374 -0.02375374
 -0.02846842 -0.02846842 -0.02846842  0.0186158   0.0186158   0.0186158
  0.00549079  0.00549079  0.00549079]