[ 0.12432919  0.12381744  0.12454033 -0.04204941 -0.04125977 -0.04275131
  0.01290417  0.0140686   0.01357269  0.02000237  0.02035522  0.01760864
 -0.00762939 -0.00951385 -0.0094223   0.00718293  0.00718257  0.00718259
  0.0185325   0.0185325   0.0185325  -0.01303846 -0.01303846 -0.01303846
  0.00561458  0.00561455  0.00561455  0.12438679  0.12438679  0.12438679
 -0.04248714 -0.04248714 -0.04248714  0.01273537  0.01273537  0.01273537
  0.02060699  0.02060699  0.02060699 -0.00942802 -0.00942802 -0.00942802
  0.00718259  0.00718259  0.00718259  0.0185325   0.0185325   0.0185325
 -0.01303846 -0.01303846 -0.01303846  0.00561455  0.00561455  0.00561455
  0.12438679  0.12438679  0.12438679 -0.04248714 -0.04248714 -0.04248714
  0.01273537  0.01273537  0.01273537  0.02060699  0.02060699  0.02060699
 -0.00942802 -0.00942802 -0.00942802  0.00718259  0.00718259  0.00718259
  0.0185325   0.0185325   0.0185325  -0.01303846 -0.01303846 -0.01303846
  0.00562346  0.00562119  0.00555694]