[ 0.77950794  0.77950794  0.77950794 -0.35140255 -0.35140255 -0.35140255
  0.13665071  0.13665071  0.13665071  0.06774238  0.06774238  0.06774238
 -0.06276803 -0.06276803 -0.06276803  0.05318945  0.05318945  0.05318945
  0.05469033  0.05469033  0.05469033 -0.05588624 -0.05588624 -0.05588624
  0.04734048  0.04734048  0.04734048  0.77950794  0.77950794  0.77950794
 -0.35140255 -0.35140255 -0.35140255  0.13665071  0.13665071  0.13665071
  0.06774238  0.06774238  0.06774238 -0.06276803 -0.06276803 -0.06276803
  0.05318945  0.05318945  0.05318945  0.05469033  0.05469033  0.05469033
 -0.05588624 -0.05588624 -0.05588624  0.04734048  0.04734048  0.04734048
  0.77950794  0.77950794  0.77950794 -0.35140255 -0.35140255 -0.35140255
  0.13665071  0.13665071  0.13665071  0.06774238  0.06774238  0.06774238
 -0.06276803 -0.06276803 -0.06276803  0.05318945  0.05318945  0.05318945
  0.05469033  0.05469033  0.05469033 -0.05588624 -0.05588624 -0.05588624
  0.04734048  0.04734048  0.04734048]