[ 2.38649982  2.38649982  2.38649982 -0.93783637 -0.93783637 -0.93783637
  0.33285709  0.33285709  0.33285709 -0.01999853 -0.01999853 -0.01999853
  0.01484452  0.01484452  0.01484452 -0.00379099 -0.00379099 -0.00379099
  0.09515852  0.09515852  0.09515852 -0.1402873  -0.1402873  -0.1402873
  0.18264909  0.18264909  0.18264909  2.38649982  2.38649982  2.38649982
 -0.93783637 -0.93783637 -0.93783637  0.33285709  0.33285709  0.33285709
 -0.01999853 -0.01999853 -0.01999853  0.01484452  0.01484452  0.01484452
 -0.00379099 -0.00379099 -0.00379099  0.09515852  0.09515852  0.09515852
 -0.1402873  -0.1402873  -0.1402873   0.18264909  0.18264909  0.18264909
  2.38649982  2.38649982  2.38649982 -0.93783637 -0.93783637 -0.93783637
  0.33285709  0.33285709  0.33285709 -0.01999853 -0.01999853 -0.01999853
  0.01484452  0.01484452  0.01484452 -0.00379099 -0.00379099 -0.00379099
  0.09515852  0.09515852  0.09515852 -0.1402873  -0.1402873  -0.1402873
  0.18264909  0.18264909  0.18264909]