[ 1.35311646  1.35311646  1.35311646 -0.6685455  -0.6685455  -0.6685455
  0.28025217  0.28025217  0.28025217  0.02690114  0.02690114  0.02690114
 -0.0381078  -0.0381078  -0.0381078   0.03623271  0.03623271  0.03623271
  0.22473258  0.22473258  0.22473258 -0.27368653 -0.27368653 -0.27368653
  0.29134376  0.29134376  0.29134376  1.35311646  1.35311646  1.35311646
 -0.6685455  -0.6685455  -0.6685455   0.28025217  0.28025217  0.28025217
  0.02690114  0.02690114  0.02690114 -0.0381078  -0.0381078  -0.0381078
  0.03623271  0.03623271  0.03623271  0.22473258  0.22473258  0.22473258
 -0.27368653 -0.27368653 -0.27368653  0.29134376  0.29134376  0.29134376
  1.35311646  1.35311646  1.35311646 -0.6685455  -0.6685455  -0.6685455
  0.28025217  0.28025217  0.28025217  0.02690114  0.02690114  0.02690114
 -0.0381078  -0.0381078  -0.0381078   0.03623271  0.03623271  0.03623271
  0.22473258  0.22473258  0.22473258 -0.27368653 -0.27368653 -0.27368653
  0.29134376  0.29134376  0.29134376]