[ 0.92262689  0.91887657  0.92406048 -0.23064717 -0.22495194 -0.23526462
  0.04603668  0.05472989  0.05062235 -0.01614995 -0.01367487 -0.03196855
  0.07512108  0.06179957  0.06242896 -0.03855928 -0.03856175 -0.03856158
  0.13489718  0.13489718  0.13489718 -0.10431535 -0.10431535 -0.10431535
  0.06351258  0.06351341  0.06351341  0.92299224  0.92299224  0.92299224
 -0.23355696 -0.23355696 -0.23355696  0.0449204   0.0449204   0.0449204
 -0.01194215 -0.01194215 -0.01194215  0.06232772  0.06232772  0.06232772
 -0.03856159 -0.03856159 -0.03856159  0.13489718  0.13489718  0.13489718
 -0.10431535 -0.10431535 -0.10431535  0.06351341  0.06351341  0.06351341
  0.92299224  0.92299224  0.92299224 -0.23355696 -0.23355696 -0.23355696
  0.0449204   0.0449204   0.0449204  -0.01194215 -0.01194215 -0.01194215
  0.06232772  0.06232772  0.06232772 -0.03856159 -0.03856159 -0.03856159
  0.13489718  0.13489718  0.13489718 -0.10431535 -0.10431535 -0.10431535
  0.06357551  0.06355264  0.06311824]