[  8.71927295e+02   8.71699801e+02   8.71138535e+02  -4.94285840e+02
  -4.94342165e+02  -4.93756012e+02   2.27826064e+02   2.28237358e+02
   2.27827385e+02   6.00128174e-01   3.97003174e-01  -2.70019531e+00
   4.22094727e+00  -2.61010742e+00  -9.91439819e-02   3.41413021e-02
   5.22677898e-02   5.10669649e-02   8.64908017e+00   8.64908017e+00
   8.64908017e+00  -5.20423961e+00  -5.20423961e+00  -5.20423961e+00
   2.67212529e+00   2.67212529e+00   2.67212529e+00   8.72060982e+02
   8.72060982e+02   8.72060982e+02  -4.94327082e+02  -4.94327082e+02
  -4.94327082e+02   2.27843849e+02   2.27843849e+02   2.27843849e+02
   2.37060547e-01   2.37060547e-01   2.37060547e-01  -2.94433594e-01
  -2.94433594e-01  -2.94433594e-01   5.10669649e-02   5.10669649e-02
   5.10669649e-02   8.64908017e+00   8.64908017e+00   8.64908017e+00
  -5.20423961e+00  -5.20423961e+00  -5.20423961e+00   2.67212529e+00
   2.67212529e+00   2.67212529e+00   8.72060982e+02   8.72060982e+02
   8.72060982e+02  -4.94327082e+02  -4.94327082e+02  -4.94327082e+02
   2.27843849e+02   2.27843849e+02   2.27843849e+02   2.37060547e-01
   2.37060547e-01   2.37060547e-01  -2.94433594e-01  -2.94433594e-01
  -2.94433594e-01   5.10669649e-02   5.10669649e-02   5.10669649e-02
   8.64908017e+00   8.64908017e+00   8.64908017e+00  -5.20423961e+00
  -5.20423961e+00  -5.20423961e+00   2.67017210e+00   2.67753363e+00
   2.67323008e+00]