[ -5.08797717e+03  -5.92648219e+03  -4.96276955e+03   2.33523601e+03
   2.02531865e+03   2.28174004e+03  -8.41045584e+02  -8.19266866e+02
  -1.00216991e+03  -2.27084302e+02   1.52488940e+01   7.14232502e+00
   7.83336377e+00   7.90756945e+00   7.90665062e+00  -2.99021919e+00
  -2.99021749e+00  -2.99021694e+00  -3.97460103e+03  -3.97460103e+03
  -3.97460103e+03  -7.17487241e+03  -7.17487241e+03  -7.17487241e+03
   6.00897144e+03   6.00897144e+03   6.00897144e+03  -4.97362662e+03
  -4.97362662e+03  -4.97362662e+03   2.12176995e+03   2.12176995e+03
   2.12176995e+03  -7.68642596e+02  -7.68642596e+02  -7.68642596e+02
   6.23466680e+00   6.23466680e+00   6.23466680e+00   7.90663520e+00
   7.90663520e+00   7.90663520e+00  -2.99021694e+00  -2.99021694e+00
  -2.99021694e+00  -3.97460103e+03  -3.97460103e+03  -3.97460103e+03
  -7.17487241e+03  -7.17487241e+03  -7.17487241e+03   6.00897144e+03
   6.00897144e+03   6.00897144e+03  -4.97362662e+03  -4.97362662e+03
  -4.97362662e+03   2.12176995e+03   2.12176995e+03   2.12176995e+03
  -7.68642596e+02  -7.68642596e+02  -7.68642596e+02   6.23466680e+00
   6.23466680e+00   6.23466680e+00   7.90663520e+00   7.90663520e+00
   7.90663520e+00  -2.99021694e+00  -2.99021694e+00  -2.99021694e+00
  -3.97460103e+03  -3.97460103e+03  -3.97460103e+03  -7.17487241e+03
  -7.17487241e+03  -7.17487241e+03   6.00897126e+03   6.00897126e+03
   6.00897153e+03]