[-1.63785952 -1.64018464 -1.61343575  1.58797359  1.57984114  1.57119083
 -0.90409088 -0.91153812 -0.92026901  0.10363603  0.13419533  0.0815649
 -0.1176703  -0.11838123 -0.11832473  0.07069164  0.07068971  0.070692
  0.02880605  0.02880605  0.02880605 -0.06331426 -0.06331426 -0.06331426
  0.10641831  0.10641831  0.10641831 -1.64045572 -1.64045572 -1.64045572
  1.58391786  1.58391786  1.58391786 -0.91515017 -0.91515017 -0.91515017
  0.09679914  0.09679914  0.09679914 -0.11832679 -0.11832679 -0.11832679
  0.070692    0.070692    0.070692    0.02880605  0.02880605  0.02880605
 -0.06331426 -0.06331426 -0.06331426  0.10641831  0.10641831  0.10641831
 -1.64045572 -1.64045572 -1.64045572  1.58391786  1.58391786  1.58391786
 -0.91515017 -0.91515017 -0.91515017  0.09679914  0.09679914  0.09679914
 -0.11832679 -0.11832679 -0.11832679  0.070692    0.070692    0.070692
  0.02880605  0.02880605  0.02880605 -0.06331426 -0.06331426 -0.06331426
  0.10802746  0.10736574  0.11138892]