[  2.08041533e+01   2.09608452e+01   2.07890382e+01  -6.92495485e+00
  -6.92579674e+00  -6.96471868e+00   1.95544057e+00   1.97348617e+00
   1.97040137e+00   1.50349226e+00   1.50361131e+00   1.50361131e+00
  -6.55099841e-01  -6.55099841e-01  -6.55099841e-01   2.51584120e-01
   2.51584120e-01   2.51584120e-01   6.05027562e+02   6.05027562e+02
   6.05027562e+02  -2.69368664e+02  -2.69368664e+02  -2.69368664e+02
   1.06749539e+02   1.06749539e+02   1.06749539e+02   2.08019015e+01
   2.08019015e+01   2.08019015e+01  -6.92654847e+00  -6.92654847e+00
  -6.92654847e+00   1.97333345e+00   1.97333345e+00   1.97333345e+00
   1.50361131e+00   1.50361131e+00   1.50361131e+00  -6.55099841e-01
  -6.55099841e-01  -6.55099841e-01   2.51584120e-01   2.51584120e-01
   2.51584120e-01   6.05027562e+02   6.05027562e+02   6.05027562e+02
  -2.69368664e+02  -2.69368664e+02  -2.69368664e+02   1.06749539e+02
   1.06749539e+02   1.06749539e+02   2.08019015e+01   2.08019015e+01
   2.08019015e+01  -6.92654847e+00  -6.92654847e+00  -6.92654847e+00
   1.97333345e+00   1.97333345e+00   1.97333345e+00   1.50361131e+00
   1.50361131e+00   1.50361131e+00  -6.55099841e-01  -6.55099841e-01
  -6.55099841e-01   2.51584120e-01   2.51584120e-01   2.51584120e-01
   6.05027562e+02   6.05027562e+02   6.05027562e+02  -2.69368664e+02
  -2.69368664e+02  -2.69368664e+02   1.06749534e+02   1.06749539e+02
   1.06749521e+02]