[  2.22089531e+01   2.22779581e+01   2.25280792e+01  -1.44518731e+01
  -1.44947154e+01  -1.42275742e+01   7.08974688e+00   7.39739159e+00
   7.12664445e+00  -6.10689484e-02   4.60660056e-01  -8.70162413e-01
   1.05149478e-01  -1.62383765e-02  -9.66323167e-03   7.38906674e-04
  -2.42421823e-03  -2.26142572e-03  -2.88667149e+00  -2.88667149e+00
  -2.88667149e+00   1.89740222e+00   1.89740222e+00   1.89740222e+00
  -1.01136548e+00  -1.01136548e+00  -1.01136548e+00   2.21449753e+01
   2.21449753e+01   2.21449753e+01  -1.44570732e+01  -1.44570732e+01
  -1.44570732e+01   7.13362128e+00   7.13362128e+00   7.13362128e+00
   7.95721561e-02   7.95721561e-02   7.95721561e-02  -1.24031696e-02
  -1.24031696e-02  -1.24031696e-02  -2.26142572e-03  -2.26142572e-03
  -2.26142572e-03  -2.88667149e+00  -2.88667149e+00  -2.88667149e+00
   1.89740222e+00   1.89740222e+00   1.89740222e+00  -1.01136548e+00
  -1.01136548e+00  -1.01136548e+00   2.21449753e+01   2.21449753e+01
   2.21449753e+01  -1.44570732e+01  -1.44570732e+01  -1.44570732e+01
   7.13362128e+00   7.13362128e+00   7.13362128e+00   7.95721561e-02
   7.95721561e-02   7.95721561e-02  -1.24031696e-02  -1.24031696e-02
  -1.24031696e-02  -2.26142572e-03  -2.26142572e-03  -2.26142572e-03
  -2.88667149e+00  -2.88667149e+00  -2.88667149e+00   1.89740222e+00
   1.89740222e+00   1.89740222e+00  -1.00543632e+00  -1.01008332e+00
  -1.00753565e+00]