[ 3.73056552  3.73056552  3.73056551 -0.76599713 -0.76599713 -0.76599713
  0.21899968  0.21899968  0.21899968 -0.31985564 -0.31985564 -0.31985564
  0.41516123  0.41516123  0.41516123 -0.26031006 -0.26031006 -0.26031006
  0.14652899  0.14652899  0.14652899 -0.11256565 -0.11256565 -0.11256565
  0.0682961   0.0682961   0.0682961   3.73056552  3.73056552  3.73056552
 -0.76599713 -0.76599713 -0.76599713  0.21899968  0.21899968  0.21899968
 -0.31985564 -0.31985564 -0.31985564  0.41516123  0.41516123  0.41516123
 -0.26031006 -0.26031006 -0.26031006  0.14652899  0.14652899  0.14652899
 -0.11256565 -0.11256565 -0.11256565  0.0682961   0.0682961   0.0682961
  3.73056552  3.73056552  3.73056552 -0.76599713 -0.76599713 -0.76599713
  0.21899968  0.21899968  0.21899968 -0.31985564 -0.31985564 -0.31985564
  0.41516123  0.41516123  0.41516123 -0.26031006 -0.26031006 -0.26031006
  0.14652899  0.14652899  0.14652899 -0.11256565 -0.11256565 -0.11256565
  0.0682961   0.0682961   0.0682961 ]