[-11.0929754  -11.09098674 -11.09350406  10.18154379  10.18126249
  10.18186201  -6.06867248  -6.0690951   -6.06909176   0.16970387
   0.16970525   0.16970525  -0.11444788  -0.11444788  -0.11444788
   0.07455367   0.07455367   0.07455367   1.13057344   1.13057344
   1.13057344  -0.71762483  -0.71762483  -0.71762483   0.36473387
   0.36473387   0.36473387 -11.09306045 -11.09306045 -11.09306045
  10.18161402  10.18161402  10.18161402  -6.0690937   -6.0690937
  -6.0690937    0.16970525   0.16970525   0.16970525  -0.11444788
  -0.11444788  -0.11444788   0.07455367   0.07455367   0.07455367
   1.13057344   1.13057344   1.13057344  -0.71762483  -0.71762483
  -0.71762483   0.36473387   0.36473387   0.36473387 -11.09306045
 -11.09306045 -11.09306045  10.18161402  10.18161402  10.18161402
  -6.0690937   -6.0690937   -6.0690937    0.16970525   0.16970525
   0.16970525  -0.11444788  -0.11444788  -0.11444788   0.07455367
   0.07455367   0.07455367   1.13057344   1.13057344   1.13057344
  -0.71762483  -0.71762483  -0.71762483   0.36473355   0.36473379
   0.36473036]