[[    0.             0.             0.             0.          -799.86397385
   2789.91157579  2789.91157579  2789.91157579  2789.91157579
   2789.91157579]
 [    0.             0.             0.             0.          -271.42650372
    964.29857612   964.29857612   964.29857612   964.29857612
    964.29857612]
 [    0.             0.             0.             0.           -90.2315397
   -111.98522615  -111.98522615  -111.98522615  -111.98522615
   -111.98522615]
 [    0.             0.             0.             0.           202.30366415
    237.80805302   237.80805302   237.80805302   237.80805302
    237.80805302]
 [    0.             0.             0.             0.           -18.11700304
    -14.06192255   -14.06192255   -14.06192255   -14.06192255
    -14.06192255]]