[  1.19736715e+03   1.19818417e+03   1.19610802e+03  -5.83626811e+02
  -5.83656207e+02  -5.84104314e+02   2.45121990e+02   2.45382303e+02
   2.45326664e+02   8.96325467e-01   8.95987980e-01   8.95987980e-01
  -4.77914580e-01  -4.77914580e-01  -4.77914580e-01   2.26351058e-01
   2.26351058e-01   2.26351058e-01   1.73581602e+02   1.73581602e+02
   1.73581602e+02  -8.40160197e+01  -8.40160197e+01  -8.40160197e+01
   3.60759537e+01   3.60759537e+01   3.60759537e+01   1.19735769e+03
   1.19735769e+03   1.19735769e+03  -5.83767665e+02  -5.83767665e+02
  -5.83767665e+02   2.45417352e+02   2.45417352e+02   2.45417352e+02
   8.95987980e-01   8.95987980e-01   8.95987980e-01  -4.77914580e-01
  -4.77914580e-01  -4.77914580e-01   2.26351058e-01   2.26351058e-01
   2.26351058e-01   1.73581602e+02   1.73581602e+02   1.73581602e+02
  -8.40160197e+01  -8.40160197e+01  -8.40160197e+01   3.60759537e+01
   3.60759537e+01   3.60759537e+01   1.19735769e+03   1.19735769e+03
   1.19735769e+03  -5.83767665e+02  -5.83767665e+02  -5.83767665e+02
   2.45417352e+02   2.45417352e+02   2.45417352e+02   8.95987980e-01
   8.95987980e-01   8.95987980e-01  -4.77914580e-01  -4.77914580e-01
  -4.77914580e-01   2.26351058e-01   2.26351058e-01   2.26351058e-01
   1.73581602e+02   1.73581602e+02   1.73581602e+02  -8.40160197e+01
  -8.40160197e+01  -8.40160197e+01   3.60759415e+01   3.60759533e+01
   3.60756276e+01]