[-10.10854789 -10.10985983 -10.10817401   5.6564298    5.65614299
   5.65615444  -2.81966283  -2.81992685  -2.82010389   0.07323096
   0.07323084   0.07323084  -0.06929125  -0.06929125  -0.06929125
   0.04891498   0.04891498   0.04891498  19.90233431  19.90233431
  19.90233431 -11.30690367 -11.30690367 -11.30690367   5.67543976
   5.67543976   5.67543976 -10.10839295 -10.10839295 -10.10839295
   5.65614599   5.65614599   5.65614599  -2.81968727  -2.81968727
  -2.81968727   0.07323084   0.07323084   0.07323084  -0.06929125
  -0.06929125  -0.06929125   0.04891498   0.04891498   0.04891498
  19.90233431  19.90233431  19.90233431 -11.30690367 -11.30690367
 -11.30690367   5.67543976   5.67543976   5.67543976 -10.10839295
 -10.10839295 -10.10839295   5.65614599   5.65614599   5.65614599
  -2.81968727  -2.81968727  -2.81968727   0.07323084   0.07323084
   0.07323084  -0.06929125  -0.06929125  -0.06929125   0.04891498
   0.04891498   0.04891498  19.90233431  19.90233431  19.90233431
 -11.30690367 -11.30690367 -11.30690367   5.67544004   5.67544012
   5.67543985]