[  1.65278540e+02   1.62365857e+02   1.67558672e+02  -7.61065982e+01
  -7.57952584e+01  -7.03166517e+01   3.33827357e+01   2.97211450e+01
   2.82923879e+01   1.32228948e+00   7.06636221e+00  -1.07396544e+01
  -1.78353838e+01   1.82845064e+00   4.72980102e-01   5.60712600e-01
   5.54173484e-01   5.54478646e-01   9.64093696e+02   9.64093696e+02
   9.64093696e+02  -4.33633261e+02  -4.33633261e+02  -4.33633261e+02
   1.73690258e+02   1.73690258e+02   1.73690258e+02   1.65392999e+02
   1.65392999e+02   1.65392999e+02  -7.49934467e+01  -7.49934467e+01
  -7.49934467e+01   2.92487517e+01   2.92487517e+01   2.92487517e+01
   5.07110936e+00   5.07110936e+00   5.07110936e+00   4.86047553e-01
   4.86047553e-01   4.86047553e-01   5.54478639e-01   5.54478639e-01
   5.54478639e-01   9.64093696e+02   9.64093696e+02   9.64093696e+02
  -4.33633261e+02  -4.33633261e+02  -4.33633261e+02   1.73690258e+02
   1.73690258e+02   1.73690258e+02   1.65392999e+02   1.65392999e+02
   1.65392999e+02  -7.49934467e+01  -7.49934467e+01  -7.49934467e+01
   2.92487517e+01   2.92487517e+01   2.92487517e+01   5.07110936e+00
   5.07110936e+00   5.07110936e+00   4.86047553e-01   4.86047553e-01
   4.86047553e-01   5.54478639e-01   5.54478639e-01   5.54478639e-01
   9.64093696e+02   9.64093696e+02   9.64093696e+02  -4.33633261e+02
  -4.33633261e+02  -4.33633261e+02   1.73689629e+02   1.73695931e+02
   1.73694587e+02]