[[ -1.73572007e-01  -1.41717047e-01  -7.13292809e-02  -7.88161444e-02
   -5.85248753e-02  -5.71281215e-02  -6.08295163e-02  -6.09073608e-02
   -6.09076199e-02  -6.09076223e-02]
 [  2.62810627e-01  -3.77998101e-03   1.76836142e-02   3.06537686e-02
   -8.11498484e-02   1.72033997e-02   6.44837588e-03   6.26750246e-03
    6.26731963e-03   6.26731866e-03]
 [  4.91854090e+00   3.01715538e+00   1.45669657e+00   6.45147778e-01
    8.24148356e+00   1.33432998e+00   2.09797415e+00   2.11081972e+00
    2.11083124e+00   2.11083130e+00]
 [ -1.23928938e+00  -2.52258711e-01  -2.21368366e-01  -3.25419480e-01
    4.78261586e-01  -1.95846668e-01  -1.29020932e-01  -1.27928444e-01
   -1.27927767e-01  -1.27927766e-01]
 [ -2.19580023e+00  -3.05007718e+00  -1.22175154e+00  -9.32264490e-02
   -1.03630466e+01  -1.12400416e+00  -2.13388453e+00  -2.15082720e+00
   -2.15084210e+00  -2.15084216e+00]]