[  3.28265348e+02   3.29270533e+02   3.32909154e+02  -2.11395014e+02
  -2.12018340e+02  -2.08131202e+02   1.02280876e+02   1.06757607e+02
   1.02817842e+02  -1.02607931e+00   6.56641204e+00  -1.27999620e+01
   1.55768454e+00  -2.06974804e-01  -1.10501096e-01   6.30578659e-02
   1.69384540e-02   1.93203110e-02   1.09018304e+01   1.09018304e+01
   1.09018304e+01  -7.74701011e+00  -7.74701011e+00  -7.74701011e+00
   4.85088255e+00   4.85088255e+00   4.85088255e+00   3.27334379e+02
   3.27334379e+02   3.27334379e+02  -2.11470682e+02  -2.11470682e+02
  -2.11470682e+02   1.02919326e+02   1.02919326e+02   1.02919326e+02
   1.02022363e+00   1.02022363e+00   1.02022363e+00  -1.50330782e-01
  -1.50330782e-01  -1.50330782e-01   1.93203110e-02   1.93203110e-02
   1.93203110e-02   1.09018304e+01   1.09018304e+01   1.09018304e+01
  -7.74701011e+00  -7.74701011e+00  -7.74701011e+00   4.85088255e+00
   4.85088255e+00   4.85088255e+00   3.27334379e+02   3.27334379e+02
   3.27334379e+02  -2.11470682e+02  -2.11470682e+02  -2.11470682e+02
   1.02919326e+02   1.02919326e+02   1.02919326e+02   1.02022363e+00
   1.02022363e+00   1.02022363e+00  -1.50330782e-01  -1.50330782e-01
  -1.50330782e-01   1.93203110e-02   1.93203110e-02   1.93203110e-02
   1.09018304e+01   1.09018304e+01   1.09018304e+01  -7.74701011e+00
  -7.74701011e+00  -7.74701011e+00   4.93716301e+00   4.86954058e+00
   4.90661979e+00]