[[  0.00000000e+00   0.00000000e+00   0.00000000e+00   0.00000000e+00
   -4.86533841e-01   5.38209307e+02   5.38209307e+02   5.38209307e+02
    5.38209307e+02   5.38209307e+02]
 [  0.00000000e+00   0.00000000e+00   0.00000000e+00   0.00000000e+00
   -4.60055657e-02   2.03529565e+02   2.03529565e+02   2.03529565e+02
    2.03529565e+02   2.03529565e+02]
 [  0.00000000e+00   0.00000000e+00   0.00000000e+00   0.00000000e+00
   -3.48976563e+00   4.20361408e+02   4.20361408e+02   4.20361408e+02
    4.20361408e+02   4.20361408e+02]
 [  0.00000000e+00   0.00000000e+00   0.00000000e+00   0.00000000e+00
    7.30840512e+00  -8.79181993e+02  -8.79181993e+02  -8.79181993e+02
   -8.79181993e+02  -8.79181993e+02]
 [  0.00000000e+00   0.00000000e+00   0.00000000e+00   0.00000000e+00
   -3.75894970e-01   4.43789716e+01   4.43789716e+01   4.43789716e+01
    4.43789716e+01   4.43789716e+01]]