[   6.90448761    6.72452201    6.92023543   -2.60713044   -2.83693768
   -2.85871674    0.95326513    0.95328478    0.96842867   13.74067009
   13.74066359   13.74066359   -5.91545928   -5.91545928   -5.91545928
    2.2593745     2.2593745     2.2593745  -202.44410326 -202.44410326
 -202.44410326 -337.99548829 -337.99548829 -337.99548829  341.75504512
  341.75504512  341.75504512    6.93187359    6.93187359    6.93187359
   -2.90418438   -2.90418438   -2.90418438    1.09974467    1.09974467
    1.09974467   13.74066359   13.74066359   13.74066359   -5.91545928
   -5.91545928   -5.91545928    2.2593745     2.2593745     2.2593745
 -202.44410326 -202.44410326 -202.44410326 -337.99548829 -337.99548829
 -337.99548829  341.75504512  341.75504512  341.75504512    6.93187359
    6.93187359    6.93187359   -2.90418438   -2.90418438   -2.90418438
    1.09974467    1.09974467    1.09974467   13.74066359   13.74066359
   13.74066359   -5.91545928   -5.91545928   -5.91545928    2.2593745
    2.2593745     2.2593745  -202.44410326 -202.44410326 -202.44410326
 -337.99548829 -337.99548829 -337.99548829  341.75504454  341.75504528
  341.75504497]