[-37.37488978 -37.37891683 -37.37374216  20.86777379  20.86689349
  20.86692858 -10.37325484 -10.37406524 -10.37460869   0.71899623
   0.71899587   0.71899587  -0.47529527  -0.47529527  -0.47529527
   0.2734037    0.2734037    0.2734037   57.3752196   57.3752196
  57.3752196  -40.39010223 -40.39010223 -40.39010223  22.68932317
  22.68932317  22.68932317 -37.3744142  -37.3744142  -37.3744142
  20.86690267  20.86690267  20.86690267 -10.37332984 -10.37332984
 -10.37332984   0.71899587   0.71899587   0.71899587  -0.47529527
  -0.47529527  -0.47529527   0.2734037    0.2734037    0.2734037
  57.3752196   57.3752196   57.3752196  -40.39010223 -40.39010223
 -40.39010223  22.68932317  22.68932317  22.68932317 -37.3744142
 -37.3744142  -37.3744142   20.86690267  20.86690267  20.86690267
 -10.37332984 -10.37332984 -10.37332984   0.71899587   0.71899587
   0.71899587  -0.47529527  -0.47529527  -0.47529527   0.2734037
   0.2734037    0.2734037   57.3752196   57.3752196   57.3752196
 -40.39010223 -40.39010223 -40.39010223  22.68932402  22.68932428
  22.68932345]