[ -2.50133683e-01  -2.50133684e-01  -2.50133685e-01   1.57479451e-01
   1.57479452e-01   1.57479452e-01  -5.40995008e-02  -5.40995007e-02
  -5.40995007e-02   1.78662228e-02   1.78662228e-02   1.78662228e-02
  -2.09763865e-02  -2.09763865e-02  -2.09763865e-02   1.07222316e-02
   1.07222316e-02   1.07222316e-02  -4.79103301e-02  -4.79103301e-02
  -4.79103301e-02   3.10920257e-02   3.10920257e-02   3.10920257e-02
  -1.16496432e-04  -1.16496432e-04  -1.16496432e-04  -2.50133683e-01
  -2.50133683e-01  -2.50133683e-01   1.57479452e-01   1.57479452e-01
   1.57479452e-01  -5.40995008e-02  -5.40995008e-02  -5.40995008e-02
   1.78662228e-02   1.78662228e-02   1.78662228e-02  -2.09763865e-02
  -2.09763865e-02  -2.09763865e-02   1.07222316e-02   1.07222316e-02
   1.07222316e-02  -4.79103301e-02  -4.79103301e-02  -4.79103301e-02
   3.10920257e-02   3.10920257e-02   3.10920257e-02  -1.16496432e-04
  -1.16496432e-04  -1.16496432e-04  -2.50133683e-01  -2.50133683e-01
  -2.50133683e-01   1.57479452e-01   1.57479452e-01   1.57479452e-01
  -5.40995008e-02  -5.40995008e-02  -5.40995008e-02   1.78662228e-02
   1.78662228e-02   1.78662228e-02  -2.09763865e-02  -2.09763865e-02
  -2.09763865e-02   1.07222316e-02   1.07222316e-02   1.07222316e-02
  -4.79103301e-02  -4.79103301e-02  -4.79103301e-02   3.10920257e-02
   3.10920257e-02   3.10920257e-02  -1.16496487e-04  -1.16496627e-04
  -1.16496515e-04]