[  8.11934425e+00   8.25641767e+00   8.07735355e+00  -3.32776184e+00
  -3.10210366e+00  -2.50610750e+00   7.33139782e-01   3.62745515e-01
   1.06060368e+00   1.76226564e-01   1.76557699e-01   1.76556262e-01
  -5.90218510e-01  -5.90218510e-01  -5.90218510e-01   3.93229312e-01
   3.93229312e-01   3.93229312e-01   1.71492525e-05   1.71492525e-05
   1.71492525e-05   8.57407755e-05   8.57407755e-05   8.57407755e-05
   1.20569409e-04   1.20569409e-04   1.20569409e-04   8.08111831e+00
   8.08111831e+00   8.08111831e+00  -2.96873717e+00  -2.96873717e+00
  -2.96873717e+00   1.09308711e+00   1.09308711e+00   1.09308711e+00
   1.76556240e-01   1.76556240e-01   1.76556240e-01  -5.90218510e-01
  -5.90218510e-01  -5.90218510e-01   3.93229312e-01   3.93229312e-01
   3.93229312e-01   1.71492525e-05   1.71492525e-05   1.71492525e-05
   8.57407755e-05   8.57407755e-05   8.57407755e-05   1.20569409e-04
   1.20569409e-04   1.20569409e-04   8.08111831e+00   8.08111831e+00
   8.08111831e+00  -2.96873717e+00  -2.96873717e+00  -2.96873717e+00
   1.09308711e+00   1.09308711e+00   1.09308711e+00   1.76556240e-01
   1.76556240e-01   1.76556240e-01  -5.90218510e-01  -5.90218510e-01
  -5.90218510e-01   3.93229312e-01   3.93229312e-01   3.93229312e-01
   1.71492525e-05   1.71492525e-05   1.71492525e-05   8.57407755e-05
   8.57407755e-05   8.57407755e-05   1.20569759e-04   1.20569526e-04
   1.20569517e-04]