[ 9.29985794  9.29985782  9.2998576  -9.32065089 -9.32065089 -9.32065083
  4.95807914  4.95807913  4.95807921 -0.56739698 -0.56739698 -0.56739698
  0.6553413   0.6553413   0.6553413  -0.36993559 -0.36993559 -0.36993559
  0.11296502  0.11296502  0.11296502 -0.15017751 -0.15017751 -0.15017751
  0.17432702  0.17432702  0.17432702  9.29985793  9.29985793  9.29985793
 -9.32065087 -9.32065087 -9.32065087  4.95807915  4.95807915  4.95807915
 -0.56739698 -0.56739698 -0.56739698  0.6553413   0.6553413   0.6553413
 -0.36993559 -0.36993559 -0.36993559  0.11296502  0.11296502  0.11296502
 -0.15017751 -0.15017751 -0.15017751  0.17432702  0.17432702  0.17432702
  9.29985793  9.29985793  9.29985793 -9.32065087 -9.32065087 -9.32065087
  4.95807915  4.95807915  4.95807915 -0.56739698 -0.56739698 -0.56739698
  0.6553413   0.6553413   0.6553413  -0.36993559 -0.36993559 -0.36993559
  0.11296502  0.11296502  0.11296502 -0.15017751 -0.15017751 -0.15017751
  0.17432703  0.17432703  0.17432702]