[  9.93055093e+00   1.11649014e+01   9.82253379e+00  -5.34142300e+00
  -3.76525014e+00  -3.61586398e+00   1.85028395e+00   1.85014064e+00
   1.74627342e+00   3.26579721e+00   3.26584180e+00   3.26584180e+00
  -1.07609438e+00  -1.07609438e+00  -1.07609438e+00   3.08908154e-01
   3.08908154e-01   3.08908154e-01   1.42063853e+03   1.42063853e+03
   1.42063853e+03   2.46676646e+03   2.46676646e+03   2.46676646e+03
  -2.15118040e+03  -2.15118040e+03  -2.15118040e+03   9.74271677e+00
   9.74271677e+00   9.74271677e+00  -3.30403552e+00  -3.30403552e+00
  -3.30403552e+00   8.45617829e-01   8.45617829e-01   8.45617829e-01
   3.26584180e+00   3.26584180e+00   3.26584180e+00  -1.07609438e+00
  -1.07609438e+00  -1.07609438e+00   3.08908154e-01   3.08908154e-01
   3.08908154e-01   1.42063853e+03   1.42063853e+03   1.42063853e+03
   2.46676646e+03   2.46676646e+03   2.46676646e+03  -2.15118040e+03
  -2.15118040e+03  -2.15118040e+03   9.74271677e+00   9.74271677e+00
   9.74271677e+00  -3.30403552e+00  -3.30403552e+00  -3.30403552e+00
   8.45617829e-01   8.45617829e-01   8.45617829e-01   3.26584180e+00
   3.26584180e+00   3.26584180e+00  -1.07609438e+00  -1.07609438e+00
  -1.07609438e+00   3.08908154e-01   3.08908154e-01   3.08908154e-01
   1.42063853e+03   1.42063853e+03   1.42063853e+03   2.46676646e+03
   2.46676646e+03   2.46676646e+03  -2.15118040e+03  -2.15118040e+03
  -2.15118040e+03]