[[  0.00000000e+00   0.00000000e+00   0.00000000e+00   0.00000000e+00
   -3.71591206e+01   1.94063670e+02   1.94063670e+02   1.94063670e+02
    1.94063670e+02   1.94063670e+02]
 [  0.00000000e+00   0.00000000e+00   0.00000000e+00   0.00000000e+00
   -2.25662223e+01   7.56125379e+01   7.56125379e+01   7.56125379e+01
    7.56125379e+01   7.56125379e+01]
 [  0.00000000e+00   0.00000000e+00   0.00000000e+00   0.00000000e+00
    1.07425710e-01   7.53243213e+03   7.53243213e+03   7.53243213e+03
    7.53243213e+03   7.53243213e+03]
 [  0.00000000e+00   0.00000000e+00   0.00000000e+00   0.00000000e+00
    4.35459184e-01   2.24199402e+03   2.24199402e+03   2.24199402e+03
    2.24199402e+03   2.24199402e+03]
 [  0.00000000e+00   0.00000000e+00   0.00000000e+00   0.00000000e+00
   -1.75645141e-01  -1.06695658e+04  -1.06695658e+04  -1.06695658e+04
   -1.06695658e+04  -1.06695658e+04]]