[ -5.77724701e+01  -5.81848755e+01  -5.78701172e+01   4.18909760e+01
   4.22100220e+01   4.11430664e+01  -2.22086792e+01  -2.11840820e+01
  -2.15353470e+01   4.98535156e-01   1.93809509e-01  -1.34082031e+00
  -1.06738281e+00   1.92309570e+00  -1.33288574e+00   5.73211670e-01
  -2.60391235e-01  -2.66380310e-02   3.43530107e-01   3.43530107e-01
   3.43530107e-01  -2.08393450e-01  -2.08393450e-01  -2.08393450e-01
   1.01055145e-01   1.01055145e-01   1.01055145e-01  -5.76859512e+01
  -5.76859512e+01  -5.76859512e+01   4.17745962e+01   4.17745962e+01
   4.17745962e+01  -2.15548058e+01  -2.15548058e+01  -2.15548058e+01
   2.15850830e-01   2.15850830e-01   2.15850830e-01   2.65007019e-02
   2.65007019e-02   2.65007019e-02  -2.66380310e-02  -2.66380310e-02
  -2.66380310e-02   3.43530107e-01   3.43530107e-01   3.43530107e-01
  -2.08393450e-01  -2.08393450e-01  -2.08393450e-01   1.01055145e-01
   1.01055145e-01   1.01055145e-01  -5.76859512e+01  -5.76859512e+01
  -5.76859512e+01   4.17745962e+01   4.17745962e+01   4.17745962e+01
  -2.15548058e+01  -2.15548058e+01  -2.15548058e+01   2.15850830e-01
   2.15850830e-01   2.15850830e-01   2.65007019e-02   2.65007019e-02
   2.65007019e-02  -2.66380310e-02  -2.66380310e-02  -2.66380310e-02
   3.43530107e-01   3.43530107e-01   3.43530107e-01  -2.08393450e-01
  -2.08393450e-01  -2.08393450e-01   9.71567631e-02   1.02310658e-01
   9.53131436e-02]