[  2.08301128e+02   2.08268307e+02   2.08309854e+02  -1.45633307e+02
  -1.45628664e+02  -1.45638559e+02   7.35777538e+01   7.35847288e+01
   7.35846738e+01   5.93799461e-02   5.93572095e-02   5.93572095e-02
  -7.67532332e-02  -7.67532332e-02  -7.67532332e-02   8.08887865e-02
   8.08887865e-02   8.08887865e-02   9.81059981e+00   9.81059981e+00
   9.81059981e+00  -7.23485757e+00  -7.23485757e+00  -7.23485757e+00
   4.76954964e+00   4.76954964e+00   4.76954964e+00   2.08302532e+02
   2.08302532e+02   2.08302532e+02  -1.45634466e+02  -1.45634466e+02
  -1.45634466e+02   7.35847058e+01   7.35847058e+01   7.35847058e+01
   5.93572095e-02   5.93572095e-02   5.93572095e-02  -7.67532332e-02
  -7.67532332e-02  -7.67532332e-02   8.08887865e-02   8.08887865e-02
   8.08887865e-02   9.81059981e+00   9.81059981e+00   9.81059981e+00
  -7.23485757e+00  -7.23485757e+00  -7.23485757e+00   4.76954964e+00
   4.76954964e+00   4.76954964e+00   2.08302532e+02   2.08302532e+02
   2.08302532e+02  -1.45634466e+02  -1.45634466e+02  -1.45634466e+02
   7.35847058e+01   7.35847058e+01   7.35847058e+01   5.93572095e-02
   5.93572095e-02   5.93572095e-02  -7.67532332e-02  -7.67532332e-02
  -7.67532332e-02   8.08887865e-02   8.08887865e-02   8.08887865e-02
   9.81059981e+00   9.81059981e+00   9.81059981e+00  -7.23485757e+00
  -7.23485757e+00  -7.23485757e+00   4.76955478e+00   4.76955092e+00
   4.76960750e+00]