[  4.71699287e+01   4.71641075e+01   4.71658909e+01  -2.67391902e+01
  -2.67390931e+01  -2.67402821e+01   1.22891042e+01   1.22894283e+01
   1.22899477e+01  -9.16608304e-02  -9.16626203e-02  -9.16626203e-02
   4.55064938e-02   4.55064938e-02   4.55064938e-02  -1.62354682e-02
  -1.62354682e-02  -1.62354682e-02   1.83137734e+01   1.83137734e+01
   1.83137734e+01  -9.46824172e+00  -9.46824172e+00  -9.46824172e+00
   4.64312271e+00   4.64312271e+00   4.64312271e+00   4.71699617e+01
   4.71699617e+01   4.71699617e+01  -2.67392339e+01  -2.67392339e+01
  -2.67392339e+01   1.22899350e+01   1.22899350e+01   1.22899350e+01
  -9.16626203e-02  -9.16626203e-02  -9.16626203e-02   4.55064938e-02
   4.55064938e-02   4.55064938e-02  -1.62354682e-02  -1.62354682e-02
  -1.62354682e-02   1.83137734e+01   1.83137734e+01   1.83137734e+01
  -9.46824172e+00  -9.46824172e+00  -9.46824172e+00   4.64312271e+00
   4.64312271e+00   4.64312271e+00   4.71699617e+01   4.71699617e+01
   4.71699617e+01  -2.67392339e+01  -2.67392339e+01  -2.67392339e+01
   1.22899350e+01   1.22899350e+01   1.22899350e+01  -9.16626203e-02
  -9.16626203e-02  -9.16626203e-02   4.55064938e-02   4.55064938e-02
   4.55064938e-02  -1.62354682e-02  -1.62354682e-02  -1.62354682e-02
   1.83137734e+01   1.83137734e+01   1.83137734e+01  -9.46824172e+00
  -9.46824172e+00  -9.46824172e+00   4.64312640e+00   4.64312638e+00
   4.64311375e+00]