[[  0.00000000e+00   0.00000000e+00   0.00000000e+00   0.00000000e+00
   -2.92475395e+01  -1.28167790e+03  -1.28167790e+03  -1.28167790e+03
   -1.28167790e+03  -1.28167790e+03]
 [  0.00000000e+00   0.00000000e+00   0.00000000e+00   0.00000000e+00
    8.46232891e+00  -8.36021099e+02  -8.36021099e+02  -8.36021099e+02
   -8.36021099e+02  -8.36021099e+02]
 [  0.00000000e+00   0.00000000e+00   0.00000000e+00   0.00000000e+00
    4.23268860e+03  -1.90583730e+04  -1.90583730e+04  -1.90583730e+04
   -1.90583730e+04  -1.90583730e+04]
 [  0.00000000e+00   0.00000000e+00   0.00000000e+00   0.00000000e+00
    2.11676544e+03  -3.40797334e+04  -3.40797334e+04  -3.40797334e+04
   -3.40797334e+04  -3.40797334e+04]
 [  0.00000000e+00   0.00000000e+00   0.00000000e+00   0.00000000e+00
   -6.54165295e+03   4.50951445e+04   4.50951445e+04   4.50951445e+04
    4.50951445e+04   4.50951445e+04]]