[[  0.00000000e+00   0.00000000e+00   0.00000000e+00   0.00000000e+00
   -1.01404278e+00   7.08942895e+02   7.08942895e+02   7.08942895e+02
    7.08942895e+02   7.08942895e+02]
 [  0.00000000e+00   0.00000000e+00   0.00000000e+00   0.00000000e+00
   -3.35740187e-01   2.68322664e+02   2.68322664e+02   2.68322664e+02
    2.68322664e+02   2.68322664e+02]
 [  0.00000000e+00   0.00000000e+00   0.00000000e+00   0.00000000e+00
   -2.38459163e+00   5.47872059e+02   5.47872059e+02   5.47872059e+02
    5.47872059e+02   5.47872059e+02]
 [  0.00000000e+00   0.00000000e+00   0.00000000e+00   0.00000000e+00
    5.00027455e+00  -1.14597940e+03  -1.14597940e+03  -1.14597940e+03
   -1.14597940e+03  -1.14597940e+03]
 [  0.00000000e+00   0.00000000e+00   0.00000000e+00   0.00000000e+00
   -2.60744344e-01   5.79111205e+01   5.79111205e+01   5.79111205e+01
    5.79111205e+01   5.79111205e+01]]