[ -1.87937967e+02  -1.87888744e+02  -1.87765900e+02   1.07700329e+02
   1.07712610e+02   1.07584747e+02  -4.99817581e+01  -5.00714340e+01
  -4.99820328e+01  -4.37728882e-01  -3.93585205e-01   2.81616211e-01
  -7.25585938e-01   7.63793945e-01   2.16308594e-01  -1.01038933e-01
  -1.04994833e-01  -1.04733288e-01   2.28608135e+00   2.28608135e+00
   2.28608135e+00   6.71238781e-02   6.71238781e-02   6.71238781e-02
  -5.19572482e-01  -5.19572482e-01  -5.19572482e-01  -1.87967094e+02
  -1.87967094e+02  -1.87967094e+02   1.07709330e+02   1.07709330e+02
   1.07709330e+02  -4.99856329e+01  -4.99856329e+01  -4.99856329e+01
  -3.58726501e-01  -3.58726501e-01  -3.58726501e-01   2.58888245e-01
   2.58888245e-01   2.58888245e-01  -1.04733288e-01  -1.04733288e-01
  -1.04733288e-01   2.28608135e+00   2.28608135e+00   2.28608135e+00
   6.71238781e-02   6.71238781e-02   6.71238781e-02  -5.19572482e-01
  -5.19572482e-01  -5.19572482e-01  -1.87967094e+02  -1.87967094e+02
  -1.87967094e+02   1.07709330e+02   1.07709330e+02   1.07709330e+02
  -4.99856329e+01  -4.99856329e+01  -4.99856329e+01  -3.58726501e-01
  -3.58726501e-01  -3.58726501e-01   2.58888245e-01   2.58888245e-01
   2.58888245e-01  -1.04733288e-01  -1.04733288e-01  -1.04733288e-01
   2.28608135e+00   2.28608135e+00   2.28608135e+00   6.71238781e-02
   6.71238781e-02   6.71238781e-02  -5.19147158e-01  -5.20752668e-01
  -5.19812334e-01]