[ -2.93589805e-01   3.29171349e-02  -3.22162472e-01  -3.43750175e-01
   7.31732158e-02   1.12688771e-01   1.41150494e-01   1.41112198e-01
   1.13637614e-01  -6.64958844e+00  -6.64957665e+00  -6.64957665e+00
   2.64734184e+00   2.64734184e+00   2.64734184e+00  -9.12767631e-01
  -9.12767631e-01  -9.12767631e-01   3.77294524e+02   3.77294524e+02
   3.77294524e+02   6.59494958e+02   6.59494958e+02   6.59494958e+02
  -5.59939265e+02  -5.59939265e+02  -5.59939265e+02  -3.43275116e-01
  -3.43275116e-01  -3.43275116e-01   1.95171614e-01   1.95171614e-01
   1.95171614e-01  -1.24600553e-01  -1.24600553e-01  -1.24600553e-01
  -6.64957665e+00  -6.64957665e+00  -6.64957665e+00   2.64734184e+00
   2.64734184e+00   2.64734184e+00  -9.12767631e-01  -9.12767631e-01
  -9.12767631e-01   3.77294524e+02   3.77294524e+02   3.77294524e+02
   6.59494958e+02   6.59494958e+02   6.59494958e+02  -5.59939265e+02
  -5.59939265e+02  -5.59939265e+02  -3.43275116e-01  -3.43275116e-01
  -3.43275116e-01   1.95171614e-01   1.95171614e-01   1.95171614e-01
  -1.24600553e-01  -1.24600553e-01  -1.24600553e-01  -6.64957665e+00
  -6.64957665e+00  -6.64957665e+00   2.64734184e+00   2.64734184e+00
   2.64734184e+00  -9.12767631e-01  -9.12767631e-01  -9.12767631e-01
   3.77294524e+02   3.77294524e+02   3.77294524e+02   6.59494958e+02
   6.59494958e+02   6.59494958e+02  -5.59939264e+02  -5.59939265e+02
  -5.59939265e+02]