[  2.32360143e+02   2.32449327e+02   2.32307684e+02  -1.48679743e+02
  -1.48706270e+02  -1.48609757e+02   7.26758324e+01   7.26825940e+01
   7.25689876e+01  -1.57023769e-01   2.98915985e-01   2.14616617e-01
   6.51261990e-02  -5.33661981e-01  -7.62686698e-02   8.79100531e-02
   8.69206452e-02   8.68964683e-02   1.18206862e+00   1.18206862e+00
   1.18206862e+00  -7.84254481e-01  -7.84254481e-01  -7.84254481e-01
   4.27783775e-01   4.27783775e-01   4.27783775e-01   2.32362059e+02
   2.32362059e+02   2.32362059e+02  -1.48682657e+02  -1.48682657e+02
  -1.48682657e+02   7.25704365e+01   7.25704365e+01   7.25704365e+01
   2.12272651e-01   2.12272651e-01   2.12272651e-01  -1.05322324e-01
  -1.05322324e-01  -1.05322324e-01   8.68965279e-02   8.68965279e-02
   8.68965279e-02   1.18206862e+00   1.18206862e+00   1.18206862e+00
  -7.84254481e-01  -7.84254481e-01  -7.84254481e-01   4.27783775e-01
   4.27783775e-01   4.27783775e-01   2.32362059e+02   2.32362059e+02
   2.32362059e+02  -1.48682657e+02  -1.48682657e+02  -1.48682657e+02
   7.25704365e+01   7.25704365e+01   7.25704365e+01   2.12272651e-01
   2.12272651e-01   2.12272651e-01  -1.05322324e-01  -1.05322324e-01
  -1.05322324e-01   8.68965279e-02   8.68965279e-02   8.68965279e-02
   1.18206862e+00   1.18206862e+00   1.18206862e+00  -7.84254481e-01
  -7.84254481e-01  -7.84254481e-01   4.28508573e-01   4.27744181e-01
   4.28853815e-01]