[[    0.             0.             0.             0.           -32.48970531
    454.02148569   454.02148569   454.02148569   454.02148569
    454.02148569]
 [    0.             0.             0.             0.            12.0966388
    226.23076931   226.23076931   226.23076931   226.23076931
    226.23076931]
 [    0.             0.             0.             0.          -583.16299467
  -1094.21703911 -1094.21703911 -1094.21703911 -1094.21703911
  -1094.21703911]
 [    0.             0.             0.             0.          1225.52262715
   2279.30278873  2279.30278873  2279.30278873  2279.30278873
   2279.30278873]
 [    0.             0.             0.             0.           -65.29557135
   -109.71410748  -109.71410748  -109.71410748  -109.71410748
   -109.71410748]]