[  1.06342112e+02   1.06667786e+02   1.07846341e+02  -6.85348377e+01
  -6.87367436e+01  -6.74776099e+01   3.31795606e+01   3.46296201e+01
   3.33534841e+01  -3.23238447e-01   2.13594334e+00  -4.13680875e+00
   4.98929977e-01  -7.35837221e-02  -4.21688557e-02   2.28759944e-02
   7.99403433e-03   8.76379712e-03   3.57706290e+00   3.57706290e+00
   3.57706290e+00  -2.84888881e+00  -2.84888881e+00  -2.84888881e+00
   2.07374686e+00   2.07374686e+00   2.07374686e+00   1.06040495e+02
   1.06040495e+02   1.06040495e+02  -6.85593491e+01  -6.85593491e+01
  -6.85593491e+01   3.33863693e+01   3.33863693e+01   3.33863693e+01
   3.39801699e-01   3.39801699e-01   3.39801699e-01  -5.49301952e-02
  -5.49301952e-02  -5.49301952e-02   8.76379712e-03   8.76379712e-03
   8.76379712e-03   3.57706290e+00   3.57706290e+00   3.57706290e+00
  -2.84888881e+00  -2.84888881e+00  -2.84888881e+00   2.07374686e+00
   2.07374686e+00   2.07374686e+00   1.06040495e+02   1.06040495e+02
   1.06040495e+02  -6.85593491e+01  -6.85593491e+01  -6.85593491e+01
   3.33863693e+01   3.33863693e+01   3.33863693e+01   3.39801699e-01
   3.39801699e-01   3.39801699e-01  -5.49301952e-02  -5.49301952e-02
  -5.49301952e-02   8.76379712e-03   8.76379712e-03   8.76379712e-03
   3.57706290e+00   3.57706290e+00   3.57706290e+00  -2.84888881e+00
  -2.84888881e+00  -2.84888881e+00   2.10169234e+00   2.07979041e+00
   2.09179870e+00]