[-9.21272338 -9.24529019 -9.3641598   6.81172392  6.83225099  6.70557404
 -3.51231973 -3.65776248 -3.52957362  0.15142544 -0.09307057  0.53166063
 -0.12181833 -0.05236871 -0.0590138   0.02718496  0.02844936  0.0283861
 -0.19062491 -0.19062491 -0.19062491  0.11112003  0.11112003  0.11112003
 -0.06289221 -0.06289221 -0.06289221 -9.18235206 -9.18235206 -9.18235206
  6.81419067  6.81419067  6.81419067 -3.53280419 -3.53280419 -3.53280419
  0.08414748  0.08414748  0.08414748 -0.05794843 -0.05794843 -0.05794843
  0.0283861   0.0283861   0.0283861  -0.19062491 -0.19062491 -0.19062491
  0.11112003  0.11112003  0.11112003 -0.06289221 -0.06289221 -0.06289221
 -9.18235206 -9.18235206 -9.18235206  6.81419067  6.81419067  6.81419067
 -3.53280419 -3.53280419 -3.53280419  0.08414748  0.08414748  0.08414748
 -0.05794843 -0.05794843 -0.05794843  0.0283861   0.0283861   0.0283861
 -0.19062491 -0.19062491 -0.19062491  0.11112003  0.11112003  0.11112003
 -0.0656741  -0.0634938  -0.06467005]