[[  0.00000000e+00   0.00000000e+00   0.00000000e+00   0.00000000e+00
   -1.54366563e+01   8.22332649e+01   8.22332649e+01   8.22332649e+01
    8.22332649e+01   8.22332649e+01]
 [  0.00000000e+00   0.00000000e+00   0.00000000e+00   0.00000000e+00
   -9.34083694e+00   3.14276773e+01   3.14276773e+01   3.14276773e+01
    3.14276773e+01   3.14276773e+01]
 [  0.00000000e+00   0.00000000e+00   0.00000000e+00   0.00000000e+00
    4.36586508e-02   3.19670779e+03   3.19670779e+03   3.19670779e+03
    3.19670779e+03   3.19670779e+03]
 [  0.00000000e+00   0.00000000e+00   0.00000000e+00   0.00000000e+00
    1.78164115e-01   9.14308975e+02   9.14308975e+02   9.14308975e+02
    9.14308975e+02   9.14308975e+02]
 [  0.00000000e+00   0.00000000e+00   0.00000000e+00   0.00000000e+00
   -7.43833451e-02  -4.50440692e+03  -4.50440692e+03  -4.50440692e+03
   -4.50440692e+03  -4.50440692e+03]]