[[    0.             0.             0.             0.          1425.42057618
    -60.75103092   -60.75103092   -60.75103092   -60.75103092
    -60.75103092]
 [    0.             0.             0.             0.           407.05007587
    -19.37784362   -19.37784362   -19.37784362   -19.37784362
    -19.37784362]
 [    0.             0.             0.             0.          2234.16535419
    -69.37434292   -69.37434292   -69.37434292   -69.37434292
    -69.37434292]
 [    0.             0.             0.             0.         -5009.15006936
    145.54393005   145.54393005   145.54393005   145.54393005
    145.54393005]
 [    0.             0.             0.             0.           450.44509395
     -7.61566734    -7.61566734    -7.61566734    -7.61566734
     -7.61566734]]