[ 7.46507414  7.46388748  7.4653896  -5.32449396 -5.3243261  -5.32468384
  2.75970171  2.75995389  2.7599519  -0.02131071 -0.02131153 -0.02131153
  0.01533869  0.01533869  0.01533869 -0.00953914 -0.00953914 -0.00953914
 -3.91776175 -3.91776175 -3.91776175  2.38149775  2.38149775  2.38149775
 -1.19649163 -1.19649163 -1.19649163  7.46512488  7.46512488  7.46512488
 -5.32453587 -5.32453587 -5.32453587  2.75995306  2.75995306  2.75995306
 -0.02131153 -0.02131153 -0.02131153  0.01533869  0.01533869  0.01533869
 -0.00953914 -0.00953914 -0.00953914 -3.91776175 -3.91776175 -3.91776175
  2.38149775  2.38149775  2.38149775 -1.19649163 -1.19649163 -1.19649163
  7.46512488  7.46512488  7.46512488 -5.32453587 -5.32453587 -5.32453587
  2.75995306  2.75995306  2.75995306 -0.02131153 -0.02131153 -0.02131153
  0.01533869  0.01533869  0.01533869 -0.00953914 -0.00953914 -0.00953914
 -3.91776175 -3.91776175 -3.91776175  2.38149775  2.38149775  2.38149775
 -1.19649144 -1.19649158 -1.19648954]