[ -1.77069335e+02  -1.77632824e+02  -1.79676484e+02   1.18243683e+02
   1.18594236e+02   1.16412515e+02  -5.85125007e+01  -6.10236417e+01
  -5.88127913e+01   7.48034959e-01  -3.50079091e+00   7.34332360e+00
  -9.77684948e-01   6.39031520e-02  -2.76156119e-03   5.31314078e-03
   3.00835363e-02   2.88058925e-02   1.86675076e+00   1.86675076e+00
   1.86675076e+00  -1.14564206e+00  -1.14564206e+00  -1.14564206e+00
   5.96199925e-01   5.96199925e-01   5.96199925e-01  -1.76546565e+02
  -1.76546565e+02  -1.76546565e+02   1.18286164e+02   1.18286164e+02
   1.18286164e+02  -5.88695242e+01  -5.88695242e+01  -5.88695242e+01
  -4.03720740e-01  -4.03720740e-01  -4.03720740e-01   1.79460596e-02
   1.79460596e-02   1.79460596e-02   2.88058925e-02   2.88058925e-02
   2.88058925e-02   1.86675076e+00   1.86675076e+00   1.86675076e+00
  -1.14564206e+00  -1.14564206e+00  -1.14564206e+00   5.96199925e-01
   5.96199925e-01   5.96199925e-01  -1.76546565e+02  -1.76546565e+02
  -1.76546565e+02   1.18286164e+02   1.18286164e+02   1.18286164e+02
  -5.88695242e+01  -5.88695242e+01  -5.88695242e+01  -4.03720740e-01
  -4.03720740e-01  -4.03720740e-01   1.79460596e-02   1.79460596e-02
   1.79460596e-02   2.88058925e-02   2.88058925e-02   2.88058925e-02
   1.86675076e+00   1.86675076e+00   1.86675076e+00  -1.14564206e+00
  -1.14564206e+00  -1.14564206e+00   5.47896653e-01   5.85754261e-01
   5.65083789e-01]