[  1.47815271e+02   1.45673826e+02   1.49500981e+02  -6.85244480e+01
  -6.82952217e+01  -6.42452609e+01   2.97702456e+01   2.70624112e+01
   2.60040655e+01   1.16223624e+00   5.41055657e+00  -7.75906241e+00
  -1.32789731e+01   1.26442115e+00   2.61505163e-01   4.51215420e-01
   4.46378924e-01   4.46604644e-01   7.14296006e+02   7.14296006e+02
   7.14296006e+02  -3.22011727e+02  -3.22011727e+02  -3.22011727e+02
   1.29281292e+02   1.29281292e+02   1.29281292e+02   1.47899610e+02
   1.47899610e+02   1.47899610e+02  -6.77021118e+01  -6.77021118e+01
  -6.77021118e+01   2.67131667e+01   2.67131667e+01   2.67131667e+01
   3.93509275e+00   3.93509275e+00   3.93509275e+00   2.71390132e-01
   2.71390132e-01   2.71390132e-01   4.46604641e-01   4.46604641e-01
   4.46604641e-01   7.14296006e+02   7.14296006e+02   7.14296006e+02
  -3.22011727e+02  -3.22011727e+02  -3.22011727e+02   1.29281292e+02
   1.29281292e+02   1.29281292e+02   1.47899610e+02   1.47899610e+02
   1.47899610e+02  -6.77021118e+01  -6.77021118e+01  -6.77021118e+01
   2.67131667e+01   2.67131667e+01   2.67131667e+01   3.93509275e+00
   3.93509275e+00   3.93509275e+00   2.71390132e-01   2.71390132e-01
   2.71390132e-01   4.46604641e-01   4.46604641e-01   4.46604641e-01
   7.14296006e+02   7.14296006e+02   7.14296006e+02  -3.22011727e+02
  -3.22011727e+02  -3.22011727e+02   1.29280826e+02   1.29285487e+02
   1.29284503e+02]