[ -9.75906134e-01  -9.77935553e-01  -9.54599380e-01   9.12703991e-01
   9.05611396e-01   8.98056030e-01  -4.97086048e-01  -5.03583908e-01
  -5.11203766e-01   6.28459454e-02   8.95195007e-02   4.35857773e-02
  -6.95974529e-02  -7.02178180e-02  -7.01684691e-02   4.05557480e-02
   4.05540576e-02   4.05560620e-02  -3.22174371e-02  -3.22174371e-02
  -3.22174371e-02   2.62749858e-02   2.62749858e-02   2.62749858e-02
  -4.66018915e-03  -4.66018915e-03  -4.66018915e-03  -9.78171825e-01
  -9.78171825e-01  -9.78171825e-01   9.09168601e-01   9.09168601e-01
   9.09168601e-01  -5.06736815e-01  -5.06736815e-01  -5.06736815e-01
   5.68797588e-02   5.68797588e-02   5.68797588e-02  -7.01702759e-02
  -7.01702759e-02  -7.01702759e-02   4.05560620e-02   4.05560620e-02
   4.05560620e-02  -3.22174371e-02  -3.22174371e-02  -3.22174371e-02
   2.62749858e-02   2.62749858e-02   2.62749858e-02  -4.66018915e-03
  -4.66018915e-03  -4.66018915e-03  -9.78171825e-01  -9.78171825e-01
  -9.78171825e-01   9.09168601e-01   9.09168601e-01   9.09168601e-01
  -5.06736815e-01  -5.06736815e-01  -5.06736815e-01   5.68797588e-02
   5.68797588e-02   5.68797588e-02  -7.01702759e-02  -7.01702759e-02
  -7.01702759e-02   4.05560620e-02   4.05560620e-02   4.05560620e-02
  -3.22174371e-02  -3.22174371e-02  -3.22174371e-02   2.62749858e-02
   2.62749858e-02   2.62749858e-02  -3.25632095e-03  -3.83400917e-03
  -3.22937965e-04]