[[    0.             0.             0.             0.          -154.65116907
   1624.55677304  1624.55677304  1624.55677304  1624.55677304
   1624.55677304]
 [    0.             0.             0.             0.            14.80821759
    785.4518466    785.4518466    785.4518466    785.4518466    785.4518466 ]
 [    0.             0.             0.             0.         -1774.75824706
  -3351.44756556 -3351.44756556 -3351.44756556 -3351.44756556
  -3351.44756556]
 [    0.             0.             0.             0.          3730.3014164
   6979.4401083   6979.4401083   6979.4401083   6979.4401083   6979.4401083 ]
 [    0.             0.             0.             0.          -199.09448632
   -334.90581846  -334.90581846  -334.90581846  -334.90581846
   -334.90581846]]