[ 1.13435193  1.13435193  1.13435193  0.07081245  0.07081245  0.07081245
 -0.16932972 -0.16932972 -0.16932972 -0.07170409 -0.07170409 -0.07170409
  0.09722706  0.09722706  0.09722706 -0.06094332 -0.06094332 -0.06094332
  0.03172825  0.03172825  0.03172825 -0.02348881 -0.02348881 -0.02348881
  0.01242662  0.01242662  0.01242662  1.13435193  1.13435193  1.13435193
  0.07081245  0.07081245  0.07081245 -0.16932972 -0.16932972 -0.16932972
 -0.07170409 -0.07170409 -0.07170409  0.09722706  0.09722706  0.09722706
 -0.06094332 -0.06094332 -0.06094332  0.03172825  0.03172825  0.03172825
 -0.02348881 -0.02348881 -0.02348881  0.01242662  0.01242662  0.01242662
  1.13435193  1.13435193  1.13435193  0.07081245  0.07081245  0.07081245
 -0.16932972 -0.16932972 -0.16932972 -0.07170409 -0.07170409 -0.07170409
  0.09722706  0.09722706  0.09722706 -0.06094332 -0.06094332 -0.06094332
  0.03172825  0.03172825  0.03172825 -0.02348881 -0.02348881 -0.02348881
  0.01242662  0.01242662  0.01242662]