[   6.83164597  -13.49453735    3.77388573    0.56866837   -2.84070683
   -4.26857948  -19.043396      7.64279175    2.40477943    8.86976719
    9.74606097    9.72928691   -4.15000401   -4.15314262   -4.15250978
    1.58916377    1.58916712    1.58916792 -134.73922739 -134.73922739
 -134.73922739 -224.59232214 -224.59232214 -224.59232214  228.40912398
  228.40912399  228.40912399    8.59002686    8.59002686    8.59002686
   -2.20513177   -2.20513177   -2.20513177    2.68713379    2.68713379
    2.68713379    9.71409976    9.71409976    9.71409976   -4.15250452
   -4.15250452   -4.15250452    1.58916792    1.58916792    1.58916792
 -134.73922739 -134.73922739 -134.73922739 -224.59232211 -224.59232211
 -224.59232211  228.40912399  228.40912399  228.40912399    8.59002686
    8.59002686    8.59002686   -2.20513177   -2.20513177   -2.20513177
    2.68713379    2.68713379    2.68713379    9.71409976    9.71409976
    9.71409976   -4.15250452   -4.15250452   -4.15250452    1.58916792
    1.58916792    1.58916792 -134.73922739 -134.73922739 -134.73922739
 -224.59232211 -224.59232211 -224.59232211  228.4090933   228.40910631
  228.40913638]