[ -2.46929739e-01  -2.46935543e-01  -2.46931505e-01   8.53129985e-02
   8.53160805e-02   8.53159820e-02  -2.66959666e-02  -2.66959675e-02
  -2.66959675e-02   1.12310919e+01   1.12310919e+01   1.12310919e+01
  -3.91405872e+00  -3.91405872e+00  -3.91405872e+00   1.18640187e+00
   1.18640187e+00   1.18640187e+00   4.50080155e-04   4.50080155e-04
   4.50080155e-04   2.27880060e-03   2.27880060e-03   2.27880060e-03
   3.25793898e-03   3.25793898e-03   3.25793898e-03  -2.46928751e-01
  -2.46928751e-01  -2.46928751e-01   8.53193029e-02   8.53193029e-02
   8.53193029e-02  -2.66959675e-02  -2.66959675e-02  -2.66959675e-02
   1.12310919e+01   1.12310919e+01   1.12310919e+01  -3.91405872e+00
  -3.91405872e+00  -3.91405872e+00   1.18640187e+00   1.18640187e+00
   1.18640187e+00   4.50080155e-04   4.50080155e-04   4.50080155e-04
   2.27880060e-03   2.27880060e-03   2.27880060e-03   3.25793898e-03
   3.25793898e-03   3.25793898e-03  -2.46928751e-01  -2.46928751e-01
  -2.46928751e-01   8.53193029e-02   8.53193029e-02   8.53193029e-02
  -2.66959675e-02  -2.66959675e-02  -2.66959675e-02   1.12310919e+01
   1.12310919e+01   1.12310919e+01  -3.91405872e+00  -3.91405872e+00
  -3.91405872e+00   1.18640187e+00   1.18640187e+00   1.18640187e+00
   4.50080155e-04   4.50080155e-04   4.50080155e-04   2.27880060e-03
   2.27880060e-03   2.27880060e-03   3.25793898e-03   3.25793898e-03
   3.25793898e-03]