[[  0.00000000e+00   0.00000000e+00   0.00000000e+00   0.00000000e+00
    4.10314374e+01  -7.06382044e-01  -7.06382044e-01  -7.06382044e-01
   -7.06382044e-01  -7.06382044e-01]
 [  0.00000000e+00   0.00000000e+00   0.00000000e+00   0.00000000e+00
    1.35076511e+01   1.06885266e-01   1.06885266e-01   1.06885266e-01
    1.06885266e-01   1.06885266e-01]
 [  0.00000000e+00   0.00000000e+00   0.00000000e+00   0.00000000e+00
    1.17471123e+02   3.36619473e+01   3.36619473e+01   3.36619473e+01
    3.36619473e+01   3.36619473e+01]
 [  0.00000000e+00   0.00000000e+00   0.00000000e+00   0.00000000e+00
   -2.53249267e+02   3.47075181e+01   3.47075181e+01   3.47075181e+01
    3.47075181e+01   3.47075181e+01]
 [  0.00000000e+00   0.00000000e+00   0.00000000e+00   0.00000000e+00
    1.72544713e+01  -6.33517151e+01  -6.33517151e+01  -6.33517151e+01
   -6.33517151e+01  -6.33517151e+01]]