[[    0.             0.             0.             0.         -1027.38370673
   3671.85716343  3671.85716343  3671.85716343  3671.85716343
   3671.85716343]
 [    0.             0.             0.             0.          -348.42901542
   1268.98742151  1268.98742151  1268.98742151  1268.98742151
   1268.98742151]
 [    0.             0.             0.             0.          -120.45352983
   -143.72425175  -143.72425175  -143.72425175  -143.72425175
   -143.72425175]
 [    0.             0.             0.             0.           269.80015886
    304.98471546   304.98471546   304.98471546   304.98471546
    304.98471546]
 [    0.             0.             0.             0.           -24.00962818
    -17.8933109    -17.8933109    -17.8933109    -17.8933109    -17.8933109 ]]