[ -2.06199526e+02  -2.06166616e+02  -2.06208275e+02   1.48431106e+02
   1.48426450e+02   1.48436372e+02  -7.65891181e+01  -7.65961121e+01
  -7.65960569e+01   1.45144361e-01   1.45167159e-01   1.45167159e-01
  -5.18592163e-02  -5.18592163e-02  -5.18592163e-02   1.30762870e-02
   1.30762870e-02   1.30762870e-02   6.98049482e-01   6.98049482e-01
   6.98049482e-01  -5.17130512e-01  -5.17130512e-01  -5.17130512e-01
   2.88700988e-01   2.88700988e-01   2.88700988e-01  -2.06200934e+02
  -2.06200934e+02  -2.06200934e+02   1.48432268e+02   1.48432268e+02
   1.48432268e+02  -7.65960890e+01  -7.65960890e+01  -7.65960890e+01
   1.45167159e-01   1.45167159e-01   1.45167159e-01  -5.18592163e-02
  -5.18592163e-02  -5.18592163e-02   1.30762870e-02   1.30762870e-02
   1.30762870e-02   6.98049482e-01   6.98049482e-01   6.98049482e-01
  -5.17130512e-01  -5.17130512e-01  -5.17130512e-01   2.88700988e-01
   2.88700988e-01   2.88700988e-01  -2.06200934e+02  -2.06200934e+02
  -2.06200934e+02   1.48432268e+02   1.48432268e+02   1.48432268e+02
  -7.65960890e+01  -7.65960890e+01  -7.65960890e+01   1.45167159e-01
   1.45167159e-01   1.45167159e-01  -5.18592163e-02  -5.18592163e-02
  -5.18592163e-02   1.30762870e-02   1.30762870e-02   1.30762870e-02
   6.98049482e-01   6.98049482e-01   6.98049482e-01  -5.17130512e-01
  -5.17130512e-01  -5.17130512e-01   2.88695835e-01   2.88699703e-01
   2.88642974e-01]