[[    0.             0.             0.             0.          -573.53660412
   2222.60419798  2222.60419798  2222.60419798  2222.60419798
   2222.60419798]
 [    0.             0.             0.             0.          -194.1104284
    767.85254884   767.85254884   767.85254884   767.85254884
    767.85254884]
 [    0.             0.             0.             0.           -76.1652146
    -80.02543163   -80.02543163   -80.02543163   -80.02543163
    -80.02543163]
 [    0.             0.             0.             0.           170.10505313
    169.37917233   169.37917233   169.37917233   169.37917233
    169.37917233]
 [    0.             0.             0.             0.           -14.85116782
     -9.66212815    -9.66212815    -9.66212815    -9.66212815
     -9.66212815]]