[ 1.73580599  1.74377441  1.65197754 -0.79486847 -0.76699924 -0.73731232
  0.29726028  0.32279396  0.3527298  -0.1088028  -0.21382141 -0.03317261
  0.12233257  0.12477189  0.12457827 -0.07600793 -0.07600129 -0.07600916
  0.0155518   0.0155518   0.0155518  -0.0114787  -0.0114787  -0.0114787
  0.00818014  0.00818014  0.00818014  1.74472046  1.74472046  1.74472046
 -0.78097248 -0.78097248 -0.78097248  0.33517647  0.33517647  0.33517647
 -0.08536339 -0.08536339 -0.08536339  0.12458506  0.12458506  0.12458506
 -0.07600916 -0.07600916 -0.07600916  0.0155518   0.0155518   0.0155518
 -0.0114787  -0.0114787  -0.0114787   0.00818014  0.00818014  0.00818014
  1.74472046  1.74472046  1.74472046 -0.78097248 -0.78097248 -0.78097248
  0.33517647  0.33517647  0.33517647 -0.08536339 -0.08536339 -0.08536339
  0.12458506  0.12458506  0.12458506 -0.07600916 -0.07600916 -0.07600916
  0.0155518   0.0155518   0.0155518  -0.0114787  -0.0114787  -0.0114787
  0.00266314  0.00493246 -0.00886242]