[  1.27022786e+00   1.55812338e+00   1.24503425e+00  -8.68912879e-01
  -5.01292288e-01  -4.66449900e-01   3.10287747e-01   3.10254221e-01
   2.86028620e-01  -1.67019919e+00  -1.67018879e+00  -1.67018879e+00
   7.05644977e-01   7.05644977e-01   7.05644977e-01  -2.55603751e-01
  -2.55603751e-01  -2.55603751e-01   3.31736734e+02   3.31736734e+02
   3.31736734e+02   5.77154117e+02   5.77154117e+02   5.77154117e+02
  -4.99376427e+02  -4.99376427e+02  -4.99376427e+02   1.22641810e+00
   1.22641810e+00   1.22641810e+00  -3.93720433e-01  -3.93720433e-01
  -3.93720433e-01   7.59630956e-02   7.59630956e-02   7.59630956e-02
  -1.67018879e+00  -1.67018879e+00  -1.67018879e+00   7.05644977e-01
   7.05644977e-01   7.05644977e-01  -2.55603751e-01  -2.55603751e-01
  -2.55603751e-01   3.31736734e+02   3.31736734e+02   3.31736734e+02
   5.77154117e+02   5.77154117e+02   5.77154117e+02  -4.99376427e+02
  -4.99376427e+02  -4.99376427e+02   1.22641810e+00   1.22641810e+00
   1.22641810e+00  -3.93720433e-01  -3.93720433e-01  -3.93720433e-01
   7.59630956e-02   7.59630956e-02   7.59630956e-02  -1.67018879e+00
  -1.67018879e+00  -1.67018879e+00   7.05644977e-01   7.05644977e-01
   7.05644977e-01  -2.55603751e-01  -2.55603751e-01  -2.55603751e-01
   3.31736734e+02   3.31736734e+02   3.31736734e+02   5.77154117e+02
   5.77154117e+02   5.77154117e+02  -4.99376426e+02  -4.99376427e+02
  -4.99376426e+02]