[ -5.52389646e+00  -5.52148608e+00  -5.52458336e+00   3.01814159e+00
   3.01866876e+00   3.01864748e+00  -1.46980726e+00  -1.46932217e+00
  -1.46899696e+00  -1.39601406e-01  -1.39601188e-01  -1.39601188e-01
   5.00467923e-02   5.00467923e-02   5.00467923e-02  -1.12729535e-02
  -1.12729535e-02  -1.12729535e-02  -3.92993872e+01  -3.92993872e+01
  -3.92993872e+01   1.68112477e+01   1.68112477e+01   1.68112477e+01
  -6.40459368e+00  -6.40459368e+00  -6.40459368e+00  -5.52418108e+00
  -5.52418108e+00  -5.52418108e+00   3.01866314e+00   3.01866314e+00
   3.01866314e+00  -1.46976223e+00  -1.46976223e+00  -1.46976223e+00
  -1.39601188e-01  -1.39601188e-01  -1.39601188e-01   5.00467923e-02
   5.00467923e-02   5.00467923e-02  -1.12729535e-02  -1.12729535e-02
  -1.12729535e-02  -3.92993872e+01  -3.92993872e+01  -3.92993872e+01
   1.68112477e+01   1.68112477e+01   1.68112477e+01  -6.40459368e+00
  -6.40459368e+00  -6.40459368e+00  -5.52418108e+00  -5.52418108e+00
  -5.52418108e+00   3.01866314e+00   3.01866314e+00   3.01866314e+00
  -1.46976223e+00  -1.46976223e+00  -1.46976223e+00  -1.39601188e-01
  -1.39601188e-01  -1.39601188e-01   5.00467923e-02   5.00467923e-02
   5.00467923e-02  -1.12729535e-02  -1.12729535e-02  -1.12729535e-02
  -3.92993872e+01  -3.92993872e+01  -3.92993872e+01   1.68112477e+01
   1.68112477e+01   1.68112477e+01  -6.40459419e+00  -6.40459435e+00
  -6.40459385e+00]