[  7.78882978e+02   7.79414531e+02   7.78063891e+02  -3.79626034e+02
  -3.79645156e+02  -3.79936661e+02   1.59415701e+02   1.59585029e+02
   1.59548821e+02   6.10134474e-01   6.09914925e-01   6.09914924e-01
  -3.27400724e-01  -3.27400724e-01  -3.27400724e-01   1.55948498e-01
   1.55948498e-01   1.55948498e-01   1.13092245e+02   1.13092245e+02
   1.13092245e+02  -5.52821598e+01  -5.52821598e+01  -5.52821598e+01
   2.39612330e+01   2.39612330e+01   2.39612330e+01   7.78876819e+02
   7.78876819e+02   7.78876819e+02  -3.79717661e+02  -3.79717661e+02
  -3.79717661e+02   1.59607828e+02   1.59607828e+02   1.59607828e+02
   6.09914924e-01   6.09914924e-01   6.09914924e-01  -3.27400724e-01
  -3.27400724e-01  -3.27400724e-01   1.55948498e-01   1.55948498e-01
   1.55948498e-01   1.13092245e+02   1.13092245e+02   1.13092245e+02
  -5.52821598e+01  -5.52821598e+01  -5.52821598e+01   2.39612330e+01
   2.39612330e+01   2.39612330e+01   7.78876819e+02   7.78876819e+02
   7.78876819e+02  -3.79717661e+02  -3.79717661e+02  -3.79717661e+02
   1.59607828e+02   1.59607828e+02   1.59607828e+02   6.09914924e-01
   6.09914924e-01   6.09914924e-01  -3.27400724e-01  -3.27400724e-01
  -3.27400724e-01   1.55948498e-01   1.55948498e-01   1.55948498e-01
   1.13092245e+02   1.13092245e+02   1.13092245e+02  -5.52821598e+01
  -5.52821598e+01  -5.52821598e+01   2.39612251e+01   2.39612327e+01
   2.39610208e+01]