[  1.34993393e+01   1.59616677e+01   1.27447114e+01  -1.12812296e+01
  -7.22334626e+00   3.48314942e+00  -2.62033148e+00  -9.28150771e+00
   3.26319991e+00  -2.01698886e+01  -2.01639436e+01  -2.01639689e+01
   6.10289569e+00   6.10289569e+00   6.10289569e+00  -1.47502544e+00
  -1.47502544e+00  -1.47502544e+00  -7.91204473e-04  -7.91204473e-04
  -7.91204473e-04  -4.00771575e-03  -4.00771575e-03  -4.00771575e-03
  -5.73299982e-03  -5.73299982e-03  -5.73299982e-03   1.28123616e+01
   1.28123616e+01   1.28123616e+01  -4.82767215e+00  -4.82767215e+00
  -4.82767215e+00   3.84843920e+00   3.84843920e+00   3.84843920e+00
  -2.01639690e+01  -2.01639690e+01  -2.01639690e+01   6.10289569e+00
   6.10289569e+00   6.10289569e+00  -1.47502544e+00  -1.47502544e+00
  -1.47502544e+00  -7.91204473e-04  -7.91204473e-04  -7.91204473e-04
  -4.00771575e-03  -4.00771575e-03  -4.00771575e-03  -5.73299982e-03
  -5.73299982e-03  -5.73299982e-03   1.28123616e+01   1.28123616e+01
   1.28123616e+01  -4.82767215e+00  -4.82767215e+00  -4.82767215e+00
   3.84843920e+00   3.84843920e+00   3.84843920e+00  -2.01639690e+01
  -2.01639690e+01  -2.01639690e+01   6.10289569e+00   6.10289569e+00
   6.10289569e+00  -1.47502544e+00  -1.47502544e+00  -1.47502544e+00
  -7.91204473e-04  -7.91204473e-04  -7.91204473e-04  -4.00771575e-03
  -4.00771575e-03  -4.00771575e-03  -5.73299976e-03  -5.73300133e-03
  -5.73300121e-03]