[[    0.             0.             0.             0.          -533.83391161
  -1382.7524789  -1382.7524789  -1382.7524789  -1382.7524789  -1382.7524789 ]
 [    0.             0.             0.             0.          -231.59108019
   -584.59173769  -584.59173769  -584.59173769  -584.59173769
   -584.59173769]
 [    0.             0.             0.             0.           587.59454348
   1145.42841625  1145.42841625  1145.42841625  1145.42841625
   1145.42841625]
 [    0.             0.             0.             0.         -1240.97915396
  -2391.3866396  -2391.3866396  -2391.3866396  -2391.3866396  -2391.3866396 ]
 [    0.             0.             0.             0.            69.9523432
    118.55407041   118.55407041   118.55407041   118.55407041
    118.55407041]]