[[ -1.01706303e-02  -1.03457765e-03   7.46417770e-02   1.02144696e-01
    1.07030492e-01   1.06242738e-01   1.06029985e-01   1.06018331e-01
    1.06017797e-01   1.06017789e-01]
 [ -5.49805695e-03   8.75153304e-03   4.88856144e-02   6.56891821e-02
    4.57859273e-02   3.55823286e-02   3.50748068e-02   3.50668769e-02
    3.50666645e-02   3.50666613e-02]
 [  1.74218792e-01   3.60403929e-02  -2.45941864e+00  -3.33439966e+00
   -2.12773627e+00  -1.41312052e+00  -1.37748602e+00  -1.37699287e+00
   -1.37698144e+00  -1.37698127e+00]
 [  6.82090916e-03  -2.94871886e-02  -1.07805339e-01  -1.47226960e-01
   -4.87501246e-03   6.36392030e-02   6.66959269e-02   6.67239442e-02
    6.67241744e-02   6.67241780e-02]
 [ -2.40878905e-01   4.95106080e-02   3.18411795e+00   4.31567566e+00
    2.65135248e+00   1.69705096e+00   1.64998021e+00   1.64934371e+00
    1.64932938e+00   1.64932916e+00]]