[  2.02296561e+01   6.35898169e+01   6.94128951e+00  -1.17708086e+02
  -4.62537156e+01   1.42270610e+02  -7.29146421e+01  -1.90228914e+02
   3.06866501e+01  -3.92626904e+02  -3.92522207e+02  -3.92522653e+02
   1.37241949e+02   1.37241949e+02   1.37241949e+02  -4.17975497e+01
  -4.17975497e+01  -4.17975497e+01  -1.57426764e-02  -1.57426764e-02
  -1.57426764e-02  -7.97087937e-02  -7.97087937e-02  -7.97087937e-02
  -1.13961403e-01  -1.13961403e-01  -1.13961403e-01   8.13346976e+00
   8.13346976e+00   8.13346976e+00  -4.06937331e+00  -4.06937331e+00
  -4.06937331e+00   4.09945470e+01   4.09945470e+01   4.09945470e+01
  -3.92522653e+02  -3.92522653e+02  -3.92522653e+02   1.37241949e+02
   1.37241949e+02   1.37241949e+02  -4.17975497e+01  -4.17975497e+01
  -4.17975497e+01  -1.57426764e-02  -1.57426764e-02  -1.57426764e-02
  -7.97087937e-02  -7.97087937e-02  -7.97087937e-02  -1.13961403e-01
  -1.13961403e-01  -1.13961403e-01   8.13346976e+00   8.13346976e+00
   8.13346976e+00  -4.06937331e+00  -4.06937331e+00  -4.06937331e+00
   4.09945470e+01   4.09945470e+01   4.09945470e+01  -3.92522653e+02
  -3.92522653e+02  -3.92522653e+02   1.37241949e+02   1.37241949e+02
   1.37241949e+02  -4.17975497e+01  -4.17975497e+01  -4.17975497e+01
  -1.57426764e-02  -1.57426764e-02  -1.57426764e-02  -7.97087937e-02
  -7.97087937e-02  -7.97087937e-02  -1.13961401e-01  -1.13961426e-01
  -1.13961425e-01]