[ -1.93138696e+02   2.78842282e+03  -6.46192264e+02  -5.53496285e+02
   5.27904453e+02  -3.70773753e+02   8.17884110e+01   5.57229391e+00
   6.55986239e+02   7.49398112e+02  -1.12381998e+02  -8.35535912e+01
  -3.43743087e+00  -3.70131953e+00  -3.69805201e+00   1.50677586e+00
   1.50676978e+00   1.50676784e+00   1.41948333e+04   1.41948333e+04
   1.41948333e+04   2.56047526e+04   2.56047526e+04   2.56047526e+04
  -2.15220219e+04  -2.15220219e+04  -2.15220219e+04  -6.00739858e+02
  -6.00739858e+02  -6.00739858e+02   1.91226757e+02   1.91226757e+02
   1.91226757e+02  -1.74478600e+02  -1.74478600e+02  -1.74478600e+02
  -8.03257966e+01  -8.03257966e+01  -8.03257966e+01  -3.69799715e+00
  -3.69799715e+00  -3.69799715e+00   1.50676784e+00   1.50676784e+00
   1.50676784e+00   1.41948333e+04   1.41948333e+04   1.41948333e+04
   2.56047526e+04   2.56047526e+04   2.56047526e+04  -2.15220219e+04
  -2.15220219e+04  -2.15220219e+04  -6.00739858e+02  -6.00739858e+02
  -6.00739858e+02   1.91226757e+02   1.91226757e+02   1.91226757e+02
  -1.74478600e+02  -1.74478600e+02  -1.74478600e+02  -8.03257966e+01
  -8.03257966e+01  -8.03257966e+01  -3.69799715e+00  -3.69799715e+00
  -3.69799715e+00   1.50676784e+00   1.50676784e+00   1.50676784e+00
   1.41948333e+04   1.41948333e+04   1.41948333e+04   2.56047526e+04
   2.56047526e+04   2.56047526e+04  -2.15220213e+04  -2.15220213e+04
  -2.15220222e+04]