[  5.99970896e+01   6.68734121e+03  -9.46824543e+02  -1.44563995e+03
   9.58637447e+02  -1.03928261e+03   2.65693419e+02   9.62483926e+01
   1.54197183e+03   1.66238483e+03  -2.53157095e+02  -1.89078078e+02
  -5.65809157e+00  -6.24465628e+00  -6.23739332e+00   2.39494795e+00
   2.39493444e+00   2.39493012e+00   3.15385536e+04   3.15385536e+04
   3.15385536e+04   5.68556232e+04   5.68556232e+04   5.68556232e+04
  -4.79083088e+04  -4.79083088e+04  -4.79083088e+04  -8.45981893e+02
  -8.45981893e+02  -8.45981893e+02   2.10105917e+02   2.10105917e+02
   2.10105917e+02  -3.03963348e+02  -3.03963348e+02  -3.03963348e+02
  -1.81903422e+02  -1.81903422e+02  -1.81903422e+02  -6.23727138e+00
  -6.23727138e+00  -6.23727138e+00   2.39493012e+00   2.39493012e+00
   2.39493012e+00   3.15385536e+04   3.15385536e+04   3.15385536e+04
   5.68556232e+04   5.68556232e+04   5.68556232e+04  -4.79083088e+04
  -4.79083088e+04  -4.79083088e+04  -8.45981893e+02  -8.45981893e+02
  -8.45981893e+02   2.10105917e+02   2.10105917e+02   2.10105917e+02
  -3.03963348e+02  -3.03963348e+02  -3.03963348e+02  -1.81903422e+02
  -1.81903422e+02  -1.81903422e+02  -6.23727138e+00  -6.23727138e+00
  -6.23727138e+00   2.39493012e+00   2.39493012e+00   2.39493012e+00
   3.15385536e+04   3.15385536e+04   3.15385536e+04   5.68556232e+04
   5.68556232e+04   5.68556232e+04  -4.79083074e+04  -4.79083074e+04
  -4.79083095e+04]