[-10068.31063539 -10607.99726684  -9990.62296206   4374.57303816
   4167.48018975   4337.36875612  -1616.17678171  -1601.70648403
  -1719.41114893   -205.53780462    -49.59847093    -54.81497859
     30.06558842     30.11333914     30.11274788    -11.30528418
    -11.30528309    -11.30528273  -2570.68125471  -2570.68125471
  -2570.68125471  -4751.95637965  -4751.95637965  -4751.95637965
   3586.06905754   3586.06905754   3586.06905754  -9995.07854346
  -9995.07854346  -9995.07854346   4231.88380946   4231.88380946
   4231.88380946  -1569.13832183  -1569.13832183  -1569.13832183
    -55.39904887    -55.39904887    -55.39904887     30.11273796
     30.11273796     30.11273796    -11.30528273    -11.30528273
    -11.30528273  -2570.68125466  -2570.68125466  -2570.68125466
  -4751.95637965  -4751.95637965  -4751.95637965   3586.06905754
   3586.06905754   3586.06905754  -9995.07854346  -9995.07854346
  -9995.07854346   4231.88380946   4231.88380946   4231.88380946
  -1569.13832183  -1569.13832183  -1569.13832183    -55.39904887
    -55.39904887    -55.39904887     30.11273796     30.11273796
     30.11273796    -11.30528273    -11.30528273    -11.30528273
  -2570.68125466  -2570.68125466  -2570.68125466  -4751.95637965
  -4751.95637965  -4751.95637965   3586.06894464   3586.06894353
   3586.06911362]