[ 0.79309244  0.79379567  0.7931504   4.34296778  4.34292466  4.34298281
 -3.24087113 -3.24086572 -3.24095812  0.94516674  0.94516788  0.94516788
 -0.45017227 -0.45017227 -0.45017227  0.18526926  0.18526926  0.18526926
  6.62490508  6.62490508  6.62490508 -3.55703808 -3.55703808 -3.55703808
  1.6774816   1.6774816   1.6774816   0.79307552  0.79307552  0.79307552
  4.34297545  4.34297545  4.34297545 -3.24095497 -3.24095497 -3.24095497
  0.94516788  0.94516788  0.94516788 -0.45017227 -0.45017227 -0.45017227
  0.18526926  0.18526926  0.18526926  6.62490508  6.62490508  6.62490508
 -3.55703808 -3.55703808 -3.55703808  1.6774816   1.6774816   1.6774816
  0.79307552  0.79307552  0.79307552  4.34297545  4.34297545  4.34297545
 -3.24095497 -3.24095497 -3.24095497  0.94516788  0.94516788  0.94516788
 -0.45017227 -0.45017227 -0.45017227  0.18526926  0.18526926  0.18526926
  6.62490508  6.62490508  6.62490508 -3.55703808 -3.55703808 -3.55703808
  1.67748186  1.67748186  1.67748174]