[  1.28286057e+00   1.28286057e+00   1.28286057e+00  -1.17668522e-10
  -0.00000000e+00  -1.59398880e-10   3.15810881e+00   3.15810881e+00
   3.15810881e+00   5.47111139e+00   5.47111139e+00   5.47111139e+00
  -4.06613245e+00  -4.06613245e+00  -4.06613245e+00   6.72610361e+00
   6.72610361e+00   6.72610361e+00   6.56578425e+00   6.56578425e+00
   6.56578425e+00  -4.67571794e+00  -4.67571794e+00  -4.67571794e+00
   7.44787272e+00   7.44787272e+00   7.44787272e+00   1.28286057e+00
   1.28286057e+00   1.28286057e+00  -4.72009470e-11  -4.72009470e-11
  -4.72009470e-11   3.15810881e+00   3.15810881e+00   3.15810881e+00
   5.47111139e+00   5.47111139e+00   5.47111139e+00  -4.06613245e+00
  -4.06613245e+00  -4.06613245e+00   6.72610361e+00   6.72610361e+00
   6.72610361e+00   6.56578425e+00   6.56578425e+00   6.56578425e+00
  -4.67571794e+00  -4.67571794e+00  -4.67571794e+00   7.44787272e+00
   7.44787272e+00   7.44787272e+00   1.28286057e+00   1.28286057e+00
   1.28286057e+00  -4.72009470e-11  -4.72009470e-11  -4.72009470e-11
   3.15810881e+00   3.15810881e+00   3.15810881e+00   5.47111139e+00
   5.47111139e+00   5.47111139e+00  -4.06613245e+00  -4.06613245e+00
  -4.06613245e+00   6.72610361e+00   6.72610361e+00   6.72610361e+00
   6.56578425e+00   6.56578425e+00   6.56578425e+00  -4.67571794e+00
  -4.67571794e+00  -4.67571794e+00   7.44787272e+00   7.44787272e+00
   7.44787272e+00]