[  7.37511303e-01   7.39458815e-01   7.36750003e-01  -1.02157813e-02
  -2.34715592e-02  -0.00000000e+00   1.68799327e+00   1.58695999e+00
   1.63120266e+00   1.48731453e+01   1.13388126e+01  -1.33984639e+01
  -6.82061740e+01  -7.11405139e+00  -7.41715473e+00   9.67399859e+00
   9.67589372e+00   9.67575845e+00   1.97228547e+00   1.97228547e+00
   1.97228547e+00  -7.24258291e-01  -7.24258291e-01  -7.24258291e-01
   1.63337519e+00   1.63337543e+00   1.63337543e+00   7.37313947e-01
   7.37313947e-01   7.37313947e-01  -3.74925141e-03  -3.74925141e-03
  -3.74925141e-03   1.70273234e+00   1.70273234e+00   1.70273234e+00
   9.90332648e+00   9.90332648e+00   9.90332648e+00  -7.41809158e+00
  -7.41809158e+00  -7.41809158e+00   9.67575857e+00   9.67575857e+00
   9.67575857e+00   1.97228547e+00   1.97228547e+00   1.97228547e+00
  -7.24258291e-01  -7.24258291e-01  -7.24258291e-01   1.63337543e+00
   1.63337543e+00   1.63337543e+00   7.37313947e-01   7.37313947e-01
   7.37313947e-01  -3.74925141e-03  -3.74925141e-03  -3.74925141e-03
   1.70273234e+00   1.70273234e+00   1.70273234e+00   9.90332648e+00
   9.90332648e+00   9.90332648e+00  -7.41809158e+00  -7.41809158e+00
  -7.41809158e+00   9.67575857e+00   9.67575857e+00   9.67575857e+00
   1.97228547e+00   1.97228547e+00   1.97228547e+00  -7.24258291e-01
  -7.24258291e-01  -7.24258291e-01   1.63264545e+00   1.63287650e+00
   1.63796235e+00]