[  4.49217902e-01   4.50162081e-01  -2.42711967e-01  -4.52226759e-02
  -3.00477279e-02  -1.55392187e-02   4.25823295e+00   7.92831501e-01
   9.93045459e-01  -2.54570574e+00  -7.83224950e+00  -5.08536660e+00
   5.93376193e+00   5.60556752e+00   5.56804647e+00  -9.23514868e+00
  -9.23304044e+00  -9.23291269e+00  -7.64659580e+00  -7.64659580e+00
  -7.64659580e+00   1.25712722e+01   1.25712722e+01   1.25712722e+01
   3.31540753e+01   3.31540753e+01   3.31540753e+01   4.52624745e-01
   4.52624745e-01   4.52624745e-01  -0.00000000e+00  -0.00000000e+00
  -0.00000000e+00   1.99088024e+00   1.99088024e+00   1.99088024e+00
  -5.13769900e+00  -5.13769900e+00  -5.13769900e+00   5.56399609e+00
   5.56399609e+00   5.56399609e+00  -9.23291269e+00  -9.23291269e+00
  -9.23291269e+00  -7.64659580e+00  -7.64659580e+00  -7.64659580e+00
   1.25712722e+01   1.25712722e+01   1.25712722e+01   3.31540753e+01
   3.31540753e+01   3.31540753e+01   4.52624745e-01   4.52624745e-01
   4.52624745e-01  -0.00000000e+00  -0.00000000e+00  -0.00000000e+00
   1.99088024e+00   1.99088024e+00   1.99088024e+00  -5.13769900e+00
  -5.13769900e+00  -5.13769900e+00   5.56399609e+00   5.56399609e+00
   5.56399609e+00  -9.23291269e+00  -9.23291269e+00  -9.23291269e+00
  -7.64659580e+00  -7.64659580e+00  -7.64659580e+00   1.25712722e+01
   1.25712722e+01   1.25712722e+01   1.45135044e+02   5.67931950e+01
   1.04011457e+02]