[  2.81166215e+00   2.78619612e+00  -4.51308466e-01  -8.65024302e-01
  -8.94196576e-01  -9.24372573e-01   1.62431684e-01   7.27380188e-01
   5.29775349e-01  -6.31233763e-02   3.95701441e-04  -1.71792264e-02
   1.16913977e-02   1.48670222e-02   1.52555259e-02  -3.78488137e-03
  -3.79140981e-03  -3.79180547e-03   9.51585180e-02   9.51585180e-02
   9.51585180e-02  -1.40287297e-01  -1.40287297e-01  -1.40287297e-01
   1.84455016e-01   1.84455016e-01   1.84455016e-01   2.72198548e+00
   2.72198548e+00   2.72198548e+00  -9.59488463e-01  -9.59488463e-01
  -9.59488463e-01   2.62685954e-01   2.62685954e-01   2.62685954e-01
  -1.66799348e-02  -1.66799348e-02  -1.66799348e-02   1.52978035e-02
   1.52978035e-02   1.52978035e-02  -3.79180547e-03  -3.79180547e-03
  -3.79180547e-03   9.51585180e-02   9.51585180e-02   9.51585180e-02
  -1.40287297e-01  -1.40287297e-01  -1.40287297e-01   1.84455016e-01
   1.84455016e-01   1.84455016e-01   2.72198548e+00   2.72198548e+00
   2.72198548e+00  -9.59488463e-01  -9.59488463e-01  -9.59488463e-01
   2.62685954e-01   2.62685954e-01   2.62685954e-01  -1.66799348e-02
  -1.66799348e-02  -1.66799348e-02   1.52978035e-02   1.52978035e-02
   1.52978035e-02  -3.79180547e-03  -3.79180547e-03  -3.79180547e-03
   9.51585180e-02   9.51585180e-02   9.51585180e-02  -1.40287297e-01
  -1.40287297e-01  -1.40287297e-01   1.77753404e-01   1.80826265e-01
   1.78532166e-01]