[  2.22609116e+00   2.20571875e+00  -3.85896895e-01  -5.80205178e-01
  -6.03557067e-01  -6.27711457e-01   5.81822507e-02   5.10418370e-01
   3.52238215e-01  -7.86687244e-02  -2.78222408e-02  -4.18906128e-02
   4.07328044e-02   4.32749906e-02   4.35859858e-02  -2.37488504e-02
  -2.37540767e-02  -2.37543935e-02  -2.84684215e-02  -2.84684215e-02
  -2.84684215e-02   1.86158047e-02   1.86158047e-02   1.86158047e-02
   6.93645377e-03   6.93645377e-03   6.93645377e-03   2.15429597e+00
   2.15429597e+00   2.15429597e+00              nan              nan
              nan   1.38430809e-01   1.38430809e-01   1.38430809e-01
  -4.14909118e-02  -4.14909118e-02  -4.14909118e-02   4.36198251e-02
   4.36198251e-02   4.36198251e-02  -2.37543935e-02  -2.37543935e-02
  -2.37543935e-02  -2.84684215e-02  -2.84684215e-02  -2.84684215e-02
   1.86158047e-02   1.86158047e-02   1.86158047e-02   6.93645377e-03
   6.93645377e-03   6.93645377e-03   2.15429597e+00   2.15429597e+00
   2.15429597e+00              nan              nan              nan
   1.38430809e-01   1.38430809e-01   1.38430809e-01  -4.14909118e-02
  -4.14909118e-02  -4.14909118e-02   4.36198251e-02   4.36198251e-02
   4.36198251e-02  -2.37543935e-02  -2.37543935e-02  -2.37543935e-02
  -2.84684215e-02  -2.84684215e-02  -2.84684215e-02   1.86158047e-02
   1.86158047e-02   1.86158047e-02   1.57170992e-03   4.03153455e-03
   2.19520563e-03]