[ 1.          0.99293094  0.09366179  0.02623843  0.01813552  0.00975415
  0.24775358  0.40467576  0.34978856  0.20026742  0.21791073  0.21302912
  0.24169876  0.24258088  0.24268879  0.21932416  0.21932235  0.21932224
  0.21768651  0.21768651  0.21768651  0.23402435  0.23402435  0.23402435
  0.22997171  0.22997171  0.22997171  0.97508766  0.97508766  0.97508766
  0.          0.          0.          0.27559916  0.27559916  0.27559916
  0.21316782  0.21316782  0.21316782  0.24270054  0.24270054  0.24270054
  0.21932224  0.21932224  0.21932224  0.21768651  0.21768651  0.21768651
  0.23402435  0.23402435  0.23402435  0.22997171  0.22997171  0.22997171
  0.97508766  0.97508766  0.97508766  0.          0.          0.
  0.27559916  0.27559916  0.27559916  0.21316782  0.21316782  0.21316782
  0.24270054  0.24270054  0.24270054  0.21932224  0.21932224  0.21932224
  0.21768651  0.21768651  0.21768651  0.23402435  0.23402435  0.23402435
  0.22811019  0.22896373  0.22832654]