4.518406935592889786e+05 -1.487846102198660374e+06 8.089382152350544930e+05 -4.139019851963743567e+05 5.003861369822472334e+05 -1.111982253198370337e+06
1.082139589796662331e+05 4.447225217181146145e+05 3.457086212712600827e+05 -5.764709795830398798e+04 -2.219813485109806061e+04 -5.779140605074912310e+04
1.068732926283061504e+06 -3.207290344149813056e+06 3.708942432813525200e+06 -2.977897412561215460e+05 1.683071984484061599e+06 -1.969700456249557436e+06
-2.518484083183407784e+05 9.390468017025664449e+05 -4.100869292895719409e+05 2.328039419866949320e+05 -2.919162193394526839e+05 6.451949891944304109e+05
-1.484460554480552673e+04 -4.950570726268924773e+05 4.789686248131096363e+03 6.264703518248349428e+04 1.280275400033295155e+05 -2.539991741036996245e+04
-1.072821043678283691e+06 3.005589496907651424e+06 -3.673783614070646465e+06 2.794473651118017733e+05 -1.633253265026733279e+06 1.888402315118618309e+06
1.027337885446995497e+05 -3.885355326582118869e+05 1.821017604066394269e+05 -7.890977200860157609e+04 1.271648422088660300e+05 -2.453729559927731752e+05
-6.599242068521678448e+04 3.650106863883947954e+05 -2.454821505253016949e+05 -2.195904293677490205e+04 -1.563488038760200143e+05 1.041641282486561686e+05
6.346689611006379128e+05 -1.661168662416512147e+06 2.136628522203154862e+06 -1.596849600778222084e+05 9.327323773987889290e+05 -1.072095203524315730e+06
4.763099715805612504e+03 -4.585026350494823419e+03 -2.609477236041217111e+03 -1.499882487054914236e+03 -8.576453204709105194e+01 -5.237806545666768216e+03
-4.724666141938883811e+03 8.864266685804701410e+03 9.792086260265205055e+01 1.936715056313492823e+03 -9.128274105993332341e+02 8.398547299247351475e+03
5.376689040104392916e+03 -8.031798870132770389e+03 2.880903074088564608e+03 -2.200706377784605138e+03 2.127387985006207600e+03 -7.493269671780348290e+03
-2.972991525869350880e+03 3.353742680441180710e+03 1.358419714007177390e+03 8.845603248310508206e+02 -4.572326840867754072e+01 3.545223262601299211e+03
3.682405733129940927e+03 -6.591282987141341437e+03 9.443856129391351715e+02 -1.217315918179519940e+03 1.037104506973177195e+03 -5.955383442249323707e+03
-4.906711112222168595e+03 6.298863804330001585e+03 -3.937693155917455442e+03 1.387974019519868307e+03 -2.308950722243927885e+03 5.479903859865386039e+03
1.221579453708371148e+03 -1.444258634816156700e+03 -1.933943352527276147e+02 -2.964903627220774069e+02 1.432554298485920299e+02 -1.402039393354905769e+03
-1.850480607674806379e+03 2.854785005812824238e+03 -1.107214972483634483e+03 4.129324467344267759e+02 -7.177209196874464396e+02 2.421400462009522016e+03
2.692784399548312649e+03 -2.838723948049941100e+03 2.800231962015706813e+03 -4.300985290711250855e+02 1.439741790420201141e+03 -2.242697582324515679e+03
-1.890777339254418621e+02 5.975001400989094691e+01 9.283404803070334310e+01 -7.243297402043936017e+00 7.975423031515674666e+00 5.909695223413291387e+01
1.936987663262734713e+02 -1.646717292447754062e+02 1.912188161302242406e+01 -6.785536306486130798e+01 3.529747525601419511e+01 -1.971295509879621477e+02
-1.828372198058350477e+02 1.854435121719361632e+02 -8.746758736638366827e+01 9.785858709790772991e+01 -6.629300374116064631e+01 2.163442549250503362e+02
1.946422611515881727e+02 -3.455678965742208675e+01 -1.678409192984690890e+01 -2.640523308119645662e+01 1.809845750273598242e+01 -6.874877879354244214e+01
-2.138042387781169964e+02 1.520129326107835368e+02 -8.452372925835697970e+01 1.279468153506750241e+02 -6.263723130887956358e+01 2.387429610648960079e+02
2.456274248634581454e+02 -2.172345735029230127e+02 1.520084617969841929e+02 -1.564651529832226515e+02 1.031367842406689306e+02 -2.837449545056297211e+02
-1.025316802623638068e+02 2.481137687229784206e+01 -1.160542336533126218e+01 3.709816576973810243e+01 -1.730144861887765728e+01 6.117352575919505853e+01
1.339395037087087985e+02 -1.248737327518738311e+02 6.947941939132942935e+01 -1.122704537231402355e+02 4.844491288173594512e+01 -1.954880612836459477e+02
-1.769743824320612475e+02 2.051932098479082924e+02 -1.233494045486440882e+02 1.318408902137707628e+02 -8.267461916858883342e+01 2.516607375592357130e+02
-3.304968907917290926e+04 1.307198455549636856e+05 -7.883522625971585512e+04 2.610512075496511534e+04 -1.958635148584004492e+04 1.493599827176239341e+05
2.272052114462852478e+04 6.043644764626957476e+04 1.578477331069670618e+04 1.952345720251090825e+03 -1.362431311681866646e+02 3.063099602260813117e+04
-5.705836828737705946e+04 1.244830383056774735e+04 -2.627327522768080235e+04 2.015145498159201816e+04 -2.234860972738638520e+04 1.885951618285011500e+04
1.847789365692157298e+04 -5.345382841211056802e+04 4.237509399847558234e+04 -1.196583535397012020e+04 9.234510963566252030e+03 -6.818781744842289481e+04
-1.661310162000358105e+04 -6.595663885569013655e+04 -1.174915395677089691e-02 -5.565984787365421653e+03 6.808761603236198425e+02 -4.989754183821380138e+04
5.320422958582639694e+04 -5.355683188664913177e+04 2.505927966536395252e+04 -2.079440937993302941e+04 2.618853749173320830e+04 -4.120060022949799895e+04
-7.637862755728419870e+03 1.512839747310261009e+04 -1.415461105108936317e+04 3.557543852349655936e+03 -3.557676788534794468e+03 1.968103688754735049e+04
1.070901416632160544e+04 1.888170514572225511e+04 -1.809388309563510120e+02 1.428668907304061577e+03 2.570306942766066641e+03 1.822783423140319064e+04
-3.216633892317116261e+04 6.698684052456729114e+04 -1.972954225352779031e+04 1.515927274877484888e+04 -1.947517372387275100e+04 4.959268540942110121e+04
-2.512671535341069102e+02 -2.361807131916866638e+03 -2.385466884124325588e+02 6.219694268881576136e+02 -6.934359134617261589e+01 -1.236368027311400510e+03
-3.667796999448910356e+01 1.188925256616552360e+03 -5.883206371192936786e+02 6.898690570041071624e+01 -4.876992164296098053e+01 1.387309664573229384e+03
7.663659200991969556e+01 -1.509338257481576875e+02 7.960797338266856968e+02 -5.809974541819028673e+02 2.349728552305386984e+02 -7.456189508584502619e+02
2.994348116675391793e+02 8.373772914655855857e+02 -6.680854115978581831e+01 -2.114576077116071247e+02 8.237632428016513586e+01 6.464096259013749659e+02
-2.144712752290070057e+01 1.162302640285197413e+02 9.269678325834975112e+02 -4.996434128795372089e+02 9.800280414120061323e+01 -8.632353007950150641e+02
1.142143570287153125e+02 -6.326000859271007357e+02 -1.085135946938651614e+03 9.221993115522564040e+02 -3.276391811997164041e+02 3.554898264794028364e+02
-1.113484459775500000e+02 -1.787225316486728843e+02 1.890751868295774329e+02 -3.849545759764441755e+01 -4.656778877950273454e+00 -3.106011040710582165e+02
-6.681313543649594067e+01 -9.960199021752669069e+01 -7.093889775732386624e+02 4.538501295593791838e+02 -1.496137625435749214e+02 5.617123013421069118e+02
-6.792480324802454561e+01 1.198138950431712146e+02 7.922296155018593709e+02 -6.728216052966290590e+02 3.059810945400022320e+02 -3.688859745940317225e+02
-3.260453108621295542e+02 9.589931915535962617e+02 -3.355081150539481314e+02 2.618361137031970429e+02 -2.114529385798450676e+02 8.656330935962905642e+02
1.148724646603222936e+02 -2.674181128506024834e+02 1.646096039195981575e+02 -1.912855513531030738e+01 9.958163938465077081e+01 -1.561016471907387313e+02
7.058779518469236791e+01 -1.826064425732838572e+02 3.454589290484364028e+01 -9.443760962909436785e+01 2.785526353157183621e+01 -2.155052070586352784e+02
2.024765940259094350e+02 -6.055339462326737703e+02 2.078070279493294947e+02 -9.240182679447389091e+01 1.406486884072146495e+02 -4.572299204698465473e+02
1.038453545814554673e+02 -3.947462867169833771e+02 3.204717246770087513e+01 -2.708183966669839720e+02 2.351560418057488278e+01 -5.706096746162074851e+02
-3.006149005101760849e+02 8.671643722713342868e+02 -2.704602104173245607e+02 3.404414277393225348e+02 -1.774149964146781713e+02 8.856715045115852263e+02
-5.492770182878302876e+01 5.215086476347278222e+01 -5.819827221730793099e+01 -7.002619429828519060e+01 -4.205308198086186167e+01 -6.075665469057821610e+01
-1.602639043205417693e+02 7.781854431553729228e+02 -1.059661875656456687e+02 3.463818274253717391e+02 -7.887067906385345850e+01 8.857877108636312187e+02
2.930478824225720018e+02 -1.115294751720619388e+03 2.983884437464585062e+02 -3.222306897441158071e+02 1.973951093237847090e+02 -1.029224989775058930e+03
-1.628873820629715919e+04 -3.996475387705862522e+04 2.361949247319810092e+04 -1.056320380401797593e+03 9.500366064317524433e+03 -2.035533244684524834e+04
7.994155916467308998e+03 6.891579315799660981e+04 1.082032719289883971e+03 -6.413867290711961687e+03 -5.284308476895093918e+03 3.034032037337683141e+04
1.524313731819204986e+04 -4.431309328780998476e+04 7.029127439731033519e+03 2.045985399449709803e+03 6.578081736861495301e+03 -2.903223780398909003e+04
7.534086560390889645e+03 3.333041588773299009e+04 -1.170565278124809265e+04 -1.093188568878918886e+03 -5.427312934668734670e+03 1.768292459372617304e+04
3.221877261448651552e+03 -5.243036572058917955e+04 -4.225332634444814175e+03 5.671417942878790200e+03 3.099651489002630115e+03 -2.613207950721587986e+04
-2.454351200197264552e+04 2.464037299331836402e+04 -1.023697496000537649e+04 1.004498566822148860e+02 -6.269447474751621485e+03 2.320996488315332681e+04
-7.742564315348863602e+02 -1.489874655757145956e+04 3.817255218185484409e+03 8.306876762227620929e+02 2.230790191935375333e+03 -8.122366730292094871e+03
-6.166729406268219464e+03 2.103855237394904543e+04 1.046520219442318194e+03 -2.085200514336145716e+03 -1.984119368546642363e+03 1.156330603423771390e+04
1.733097404746711254e+04 -3.729802379620261490e+03 9.650929814897011966e+03 -1.697037674584425986e+03 4.610127549599856138e+03 -8.695222679501865059e+03
2.480711658444255590e+03 -1.965039629774168134e+03 -2.103612618583720177e+02 -6.474812201515305787e+02 5.353552241139113903e+02 -1.590745746289612725e+03
-2.364858778960187919e+02 9.959971671916719060e+01 8.060806750095071038e+01 -1.524530377251248865e+02 -6.833262161632592324e+01 -2.523651772851226269e+02
3.118636428432946559e+02 -3.163454029549029656e+01 1.214667136798379943e+01 -3.701288259074863163e+01 8.898619116764893988e+01 2.301589530911223846e+01
-1.306005575814284384e+03 1.494010840611648746e+03 4.614161773584783077e+01 2.841114734873990528e+02 -3.153486071606166661e+02 1.090555310905911028e+03
-5.386488054543733597e+02 4.540355834048241377e+02 7.547521046374458820e+01 3.562575093880295753e+02 -6.681508042349014431e+01 7.095964548256015405e+02
-3.797590890559222316e+02 -2.115015387595758511e+02 -9.391611381844631978e+01 1.545398238154602950e+02 -1.255962114068006485e+02 -6.749046405914668867e+01
4.193430559566477314e+02 -2.910696797626878833e+02 4.738108488942089025e+01 -9.319023373277741484e+01 1.231245249792118557e+02 -2.019804896707064472e+02
3.040122553729452193e+02 -9.221565952862729318e+02 -1.021656636255793273e+02 -1.261536645752785262e+02 2.413927332562161610e+01 -8.111952770761563443e+02
7.389118065922521055e+02 5.148214152415748686e+02 5.640099687722977251e+01 -3.726201284502458293e+02 1.946223577252821997e+02 1.377118609722238034e+02
-1.285733081625541672e+03 2.115653330041561276e+03 -1.312084814144327538e+03 1.037365747029500199e+03 -4.874779981875617523e+02 2.937859342736977851e+03
-1.127589402887970209e+02 5.204874059269204736e+02 6.700175217728537973e+02 -1.449535530578286853e+02 4.240917566179996356e+01 -2.600791131780715659e+01
7.176286694919690490e+01 -5.464247908456600271e+02 -6.819107801758218557e+01 1.704022345317353029e+02 7.015930941898841411e+01 -8.702416517882375047e+01
1.943500756868161261e+01 4.224336407042865176e+02 9.543666569267224986e+02 -3.499461156135948841e+02 6.042382440424989909e+01 -5.168129208732279949e+02
1.267009821030311286e+03 -2.803902189669111976e+03 -2.342889667217386886e+02 -3.813004618455888703e+02 3.716596295987837948e+02 -2.082968380056612659e+03
3.935841271281242371e+01 8.924017474951688200e+02 -3.043900168174877763e+02 -4.437336071619065478e+02 -1.806484602200798690e+02 5.054920729831792414e+01
1.103373544705100358e+02 -8.138976172041730024e+02 -5.338820409266045317e+02 2.567341690223693149e+02 1.452718014176934958e+01 -5.152539728308329359e+01
-3.020993592105805874e+02 1.371163844887865707e+03 1.045147282944526523e+02 -3.331330285466974601e+02 -1.409356156711000949e+02 5.084988184983376414e+02
-1.782710243739187717e+03 1.545324788930360228e+03 1.878664679839275777e+02 1.653978941498789936e+03 -2.703259361870586872e+02 2.754004420257173479e+03
