[ 0.12432919  0.12381754  0.12454247 -0.04205346 -0.04125842 -0.04274966
  0.01290453  0.01408171  0.01356599  0.0200016   0.02035281  0.0175493
 -0.00763259 -0.00951046 -0.00942187  0.00718292  0.00718257  0.00718259
  0.0185325   0.0185325   0.0185325  -0.01303846 -0.01303846 -0.01303846
  0.0056146   0.00561454  0.00561454  0.12438662  0.12438662  0.12438662
 -0.04248936 -0.04248936 -0.04248936  0.01273559  0.01273559  0.01273559
  0.02060134  0.02060134  0.02060134 -0.00942861 -0.00942861 -0.00942861
  0.00718259  0.00718259  0.00718259  0.0185325   0.0185325   0.0185325
 -0.01303846 -0.01303846 -0.01303846  0.00561454  0.00561454  0.00561454
  0.12438662  0.12438662  0.12438662 -0.04248936 -0.04248936 -0.04248936
  0.01273559  0.01273559  0.01273559  0.02060134  0.02060134  0.02060134
 -0.00942861 -0.00942861 -0.00942861  0.00718259  0.00718259  0.00718259
  0.0185325   0.0185325   0.0185325  -0.01303846 -0.01303846 -0.01303846
  0.00562331  0.00562133  0.00555706]