[  2.81165886e+00   2.78621101e+00  -4.51187134e-01  -8.65025043e-01
  -8.94198418e-01  -9.24372613e-01   1.62435532e-01   7.27378845e-01
   5.29776573e-01  -6.31237030e-02   3.95238400e-04  -1.71791762e-02
   1.16913617e-02   1.48670218e-02   1.52555127e-02  -3.78488109e-03
  -3.79140981e-03  -3.79180549e-03   9.51585180e-02   9.51585180e-02
   9.51585180e-02  -1.40287297e-01  -1.40287297e-01  -1.40287297e-01
   1.84455015e-01   1.84455015e-01   1.84455015e-01   2.72199440e+00
   2.72199440e+00   2.72199440e+00  -9.59489465e-01  -9.59489465e-01
  -9.59489465e-01   2.62684822e-01   2.62684822e-01   2.62684822e-01
  -1.66799575e-02  -1.66799575e-02  -1.66799575e-02   1.52978040e-02
   1.52978040e-02   1.52978040e-02  -3.79180549e-03  -3.79180549e-03
  -3.79180549e-03   9.51585180e-02   9.51585180e-02   9.51585180e-02
  -1.40287297e-01  -1.40287297e-01  -1.40287297e-01   1.84455015e-01
   1.84455015e-01   1.84455015e-01   2.72199440e+00   2.72199440e+00
   2.72199440e+00  -9.59489465e-01  -9.59489465e-01  -9.59489465e-01
   2.62684822e-01   2.62684822e-01   2.62684822e-01  -1.66799575e-02
  -1.66799575e-02  -1.66799575e-02   1.52978040e-02   1.52978040e-02
   1.52978040e-02  -3.79180549e-03  -3.79180549e-03  -3.79180549e-03
   9.51585180e-02   9.51585180e-02   9.51585180e-02  -1.40287297e-01
  -1.40287297e-01  -1.40287297e-01   1.77753389e-01   1.80826306e-01
   1.78532198e-01]