[ 0.92262881  0.92262881  0.92262881 -0.23247529 -0.23247529 -0.23247529
  0.04677881  0.04677881  0.04677881 -0.01493025 -0.01493025 -0.01493025
  0.06370944  0.06370944  0.06370944 -0.03856135 -0.03856135 -0.03856135
  0.13489718  0.13489718  0.13489718 -0.10431535 -0.10431535 -0.10431535
  0.06348022  0.06348022  0.06348022  0.92262881  0.92262881  0.92262881
 -0.23247529 -0.23247529 -0.23247529  0.04677881  0.04677881  0.04677881
 -0.01493025 -0.01493025 -0.01493025  0.06370944  0.06370944  0.06370944
 -0.03856135 -0.03856135 -0.03856135  0.13489718  0.13489718  0.13489718
 -0.10431535 -0.10431535 -0.10431535  0.06348022  0.06348022  0.06348022
  0.92262881  0.92262881  0.92262881 -0.23247529 -0.23247529 -0.23247529
  0.04677881  0.04677881  0.04677881 -0.01493025 -0.01493025 -0.01493025
  0.06370944  0.06370944  0.06370944 -0.03856135 -0.03856135 -0.03856135
  0.13489718  0.13489718  0.13489718 -0.10431535 -0.10431535 -0.10431535
  0.06348022  0.06348022  0.06348022]