[ 0.91109324  0.90321827 -0.09877777 -0.32886791 -0.3378967  -0.34723552
  0.08390522  0.25875759  0.19759607  0.05439579  0.07405443  0.06861494
 -0.06374394 -0.06276107 -0.06264083  0.05319134  0.05318932  0.0531892
  0.05469033  0.05469033  0.05469033 -0.05588624 -0.05588624 -0.05588624
  0.0478994   0.0478994   0.0478994   0.8833375   0.8833375   0.8833375
 -0.35810369 -0.35810369 -0.35810369  0.11493319  0.11493319  0.11493319
  0.06876947  0.06876947  0.06876947 -0.06262774 -0.06262774 -0.06262774
  0.0531892   0.0531892   0.0531892   0.05469033  0.05469033  0.05469033
 -0.05588624 -0.05588624 -0.05588624  0.0478994   0.0478994   0.0478994
  0.8833375   0.8833375   0.8833375  -0.35810369 -0.35810369 -0.35810369
  0.11493319  0.11493319  0.11493319  0.06876947  0.06876947  0.06876947
 -0.06262774 -0.06262774 -0.06262774  0.0531892   0.0531892   0.0531892
  0.05469033  0.05469033  0.05469033 -0.05588624 -0.05588624 -0.05588624
  0.04582528  0.04677631  0.04606629]