[  2.22609520e+00   2.20570374e+00  -3.85948181e-01  -5.80204725e-01
  -6.03556037e-01  -6.27711296e-01   5.81803322e-02   5.10414124e-01
   3.52239609e-01  -7.86678791e-02  -2.78227329e-02  -4.18906361e-02
   4.07328457e-02   4.32749905e-02   4.35859952e-02  -2.37488504e-02
  -2.37540767e-02  -2.37543935e-02  -2.84684215e-02  -2.84684215e-02
  -2.84684215e-02   1.86158047e-02   1.86158047e-02   1.86158047e-02
   6.93645328e-03   6.93645328e-03   6.93645328e-03   2.15428448e+00
   2.15428448e+00   2.15428448e+00  -6.55821741e-01  -6.55821741e-01
  -6.55821741e-01   1.38430595e-01   1.38430595e-01   1.38430595e-01
  -4.14908826e-02  -4.14908826e-02  -4.14908826e-02   4.36198339e-02
   4.36198339e-02   4.36198339e-02  -2.37543935e-02  -2.37543935e-02
  -2.37543935e-02  -2.84684215e-02  -2.84684215e-02  -2.84684215e-02
   1.86158047e-02   1.86158047e-02   1.86158047e-02   6.93645328e-03
   6.93645328e-03   6.93645328e-03   2.15428448e+00   2.15428448e+00
   2.15428448e+00  -6.55821741e-01  -6.55821741e-01  -6.55821741e-01
   1.38430595e-01   1.38430595e-01   1.38430595e-01  -4.14908826e-02
  -4.14908826e-02  -4.14908826e-02   4.36198339e-02   4.36198339e-02
   4.36198339e-02  -2.37543935e-02  -2.37543935e-02  -2.37543935e-02
  -2.84684215e-02  -2.84684215e-02  -2.84684215e-02   1.86158047e-02
   1.86158047e-02   1.86158047e-02   1.57167017e-03   4.03158367e-03
   2.19517946e-03]