[-9.26706028 -8.2084198  -9.97341919  6.80337773  7.03226471  6.52788925
 -3.56550407 -3.96376801 -3.48362064  0.66000366 -0.9047699   0.62405396
 -0.93373108  0.57476044 -0.01690865  0.02704743  0.02842018  0.02840871
 -0.19062497 -0.19062497 -0.19062497  0.11112006  0.11112006  0.11112006
 -0.06259811 -0.06259811 -0.06259811 -9.24458647 -9.24458647 -9.24458647
  6.81188655  6.81188655  6.81188655 -3.48062992 -3.48062992 -3.48062992
  0.11926866  0.11926866  0.11926866 -0.03423262 -0.03423262 -0.03423262
  0.02840871  0.02840871  0.02840871 -0.19062497 -0.19062497 -0.19062497
  0.11112006  0.11112006  0.11112006 -0.06259811 -0.06259811 -0.06259811
 -9.24458647 -9.24458647 -9.24458647  6.81188655  6.81188655  6.81188655
 -3.48062992 -3.48062992 -3.48062992  0.11926866  0.11926866  0.11926866
 -0.03423262 -0.03423262 -0.03423262  0.02840871  0.02840871  0.02840871
 -0.19062497 -0.19062497 -0.19062497  0.11112006  0.11112006  0.11112006
 -0.06546265 -0.06648356 -0.06365565]