[ -2.16511616e+01   2.97539741e+02  -4.67722598e+00  -5.14163218e+01
  -7.24709565e+01   2.39517517e+01   4.22602084e+02  -1.89375616e+02
  -1.81228244e+02   3.54651644e+01  -6.26909827e+01   2.39490946e+00
   6.67878444e-01   7.11992053e-01   7.10167596e-01  -2.55599406e-01
  -2.55604352e-01  -2.55603808e-01   3.31731278e+02   3.31731278e+02
   3.31731278e+02   5.77144456e+02   5.77144456e+02   5.77144456e+02
  -4.99367755e+02  -4.99367755e+02  -4.99367755e+02  -4.32965748e+01
  -4.32965748e+01  -4.32965748e+01   1.59560919e+01   1.59560919e+01
   1.59560919e+01  -8.43931029e+00  -8.43931029e+00  -8.43931029e+00
   1.63320438e+00   1.63320438e+00   1.63320438e+00   7.10126101e-01
   7.10126101e-01   7.10126101e-01  -2.55603808e-01  -2.55603808e-01
  -2.55603808e-01   3.31731278e+02   3.31731278e+02   3.31731278e+02
   5.77144456e+02   5.77144456e+02   5.77144456e+02  -4.99367755e+02
  -4.99367755e+02  -4.99367755e+02  -4.32965748e+01  -4.32965748e+01
  -4.32965748e+01   1.59560919e+01   1.59560919e+01   1.59560919e+01
  -8.43931029e+00  -8.43931029e+00  -8.43931029e+00   1.63320438e+00
   1.63320438e+00   1.63320438e+00   7.10126101e-01   7.10126101e-01
   7.10126101e-01  -2.55603808e-01  -2.55603808e-01  -2.55603808e-01
   3.31731278e+02   3.31731278e+02   3.31731278e+02   5.77144456e+02
   5.77144456e+02   5.77144456e+02  -4.99367725e+02  -4.99369381e+02
  -4.99369175e+02]