[  4.71733646e+01   4.71668587e+01   4.71257591e+01  -2.67388700e+01
  -2.67371123e+01  -2.67561741e+01   1.22933922e+01   1.22812357e+01
   1.22914076e+01  -1.13101959e-01  -6.72054291e-02  -8.35208893e-02
   6.36920929e-02   5.54199219e-02   1.23832703e-01   8.63189697e-02
  -7.93380737e-02  -2.18672752e-02   1.83137829e+01   1.83137829e+01
   1.83137829e+01  -9.46824644e+00  -9.46824644e+00  -9.46824644e+00
   4.64311717e+00   4.64311717e+00   4.64311717e+00   4.71780472e+01
   4.71780472e+01   4.71780472e+01  -2.67383499e+01  -2.67383499e+01
  -2.67383499e+01   1.22909843e+01   1.22909843e+01   1.22909843e+01
  -9.35333967e-02  -9.35333967e-02  -9.35333967e-02   2.77976990e-02
   2.77976990e-02   2.77976990e-02  -2.18749046e-02  -2.18749046e-02
  -2.18749046e-02   1.83137829e+01   1.83137829e+01   1.83137829e+01
  -9.46824644e+00  -9.46824644e+00  -9.46824644e+00   4.64311717e+00
   4.64311717e+00   4.64311717e+00   4.71780472e+01   4.71780472e+01
   4.71780472e+01  -2.67383499e+01  -2.67383499e+01  -2.67383499e+01
   1.22909843e+01   1.22909843e+01   1.22909843e+01  -9.35333967e-02
  -9.35333967e-02  -9.35333967e-02   2.77976990e-02   2.77976990e-02
   2.77976990e-02  -2.18749046e-02  -2.18749046e-02  -2.18749046e-02
   1.83137829e+01   1.83137829e+01   1.83137829e+01  -9.46824644e+00
  -9.46824644e+00  -9.46824644e+00   4.64308642e+00   4.64307245e+00
   4.64326009e+00]