[  2.33723083e+02   2.07135864e+02   2.51462952e+02  -1.48663166e+02
  -1.54411865e+02  -1.41744553e+02   7.31320000e+01   8.31345520e+01
   7.10755501e+01  -1.33399658e+01   2.59627686e+01  -1.24393005e+01
   2.16969604e+01  -1.61881409e+01  -1.32806396e+00   1.17432356e-01
   8.29570889e-02   8.32450613e-02   1.18206553e+00   1.18206553e+00
   1.18206553e+00  -7.84252844e-01  -7.84252844e-01  -7.84252844e-01
   4.06188726e-01   4.06188726e-01   4.06188726e-01   2.33158651e+02
   2.33158651e+02   2.33158651e+02  -1.48876911e+02  -1.48876911e+02
  -1.48876911e+02   7.10004959e+01   7.10004959e+01   7.10004959e+01
   2.41191983e-01   2.41191983e-01   2.41191983e-01  -8.92938614e-01
  -8.92938614e-01  -8.92938614e-01   8.32450613e-02   8.32450613e-02
   8.32450613e-02   1.18206553e+00   1.18206553e+00   1.18206553e+00
  -7.84252844e-01  -7.84252844e-01  -7.84252844e-01   4.06188726e-01
   4.06188726e-01   4.06188726e-01   2.33158651e+02   2.33158651e+02
   2.33158651e+02  -1.48876911e+02  -1.48876911e+02  -1.48876911e+02
   7.10004959e+01   7.10004959e+01   7.10004959e+01   2.41191983e-01
   2.41191983e-01   2.41191983e-01  -8.92938614e-01  -8.92938614e-01
  -8.92938614e-01   8.32450613e-02   8.32450613e-02   8.32450613e-02
   1.18206553e+00   1.18206553e+00   1.18206553e+00  -7.84252844e-01
  -7.84252844e-01  -7.84252844e-01   4.78137016e-01   5.03779650e-01
   4.32751708e-01]