[  2.23395621e+01   1.97960272e+01   2.40366688e+01  -1.44340383e+01
  -1.49840069e+01  -1.37721632e+01   7.20878692e+00   8.16571283e+00
   7.01205224e+00  -1.29278111e+00   2.46724176e+00  -1.20659757e+00
   2.08874178e+00  -1.53563309e+00  -1.14005283e-01   9.64139588e-04
  -2.33401335e-03  -2.30646500e-03  -2.88667134e+00  -2.88667134e+00
  -2.88667134e+00   1.89740214e+00   1.89740214e+00   1.89740214e+00
  -1.01222317e+00  -1.01222317e+00  -1.01222317e+00   2.22855663e+01
   2.22855663e+01   2.22855663e+01  -1.44544867e+01  -1.44544867e+01
  -1.44544867e+01   7.00486913e+00   7.00486913e+00   7.00486913e+00
   6.49961177e-03   6.49961177e-03   6.49961177e-03  -7.23775625e-02
  -7.23775625e-02  -7.23775625e-02  -2.30646500e-03  -2.30646500e-03
  -2.30646500e-03  -2.88667134e+00  -2.88667134e+00  -2.88667134e+00
   1.89740214e+00   1.89740214e+00   1.89740214e+00  -1.01222317e+00
  -1.01222317e+00  -1.01222317e+00   2.22855663e+01   2.22855663e+01
   2.22855663e+01  -1.44544867e+01  -1.44544867e+01  -1.44544867e+01
   7.00486913e+00   7.00486913e+00   7.00486913e+00   6.49961177e-03
   6.49961177e-03   6.49961177e-03  -7.23775625e-02  -7.23775625e-02
  -7.23775625e-02  -2.30646500e-03  -2.30646500e-03  -2.30646500e-03
  -2.88667134e+00  -2.88667134e+00  -2.88667134e+00   1.89740214e+00
   1.89740214e+00   1.89740214e+00  -1.00534010e+00  -1.00288686e+00
  -1.00968200e+00]