[ -3.73748886e+01  -3.73934618e+01  -3.73971394e+01   2.12434098e+01
   2.08187016e+01   2.08078608e+01  -1.06142986e+01  -1.04153872e+01
  -1.03758325e+01   7.98834801e-01   6.38084282e-01   6.64767017e-01
  -3.92335443e-01  -6.56657242e-01  -4.47020346e-02   1.34232904e+00
  -4.90386901e-01   2.29773585e-01   5.73752312e+01   5.73752312e+01
   5.73752312e+01  -4.03901077e+01  -4.03901077e+01  -4.03901077e+01
   2.26891265e+01   2.26891264e+01   2.26891264e+01  -3.73680895e+01
  -3.73680895e+01  -3.73680895e+01   2.08222197e+01   2.08222197e+01
   2.08222197e+01  -1.03260986e+01  -1.03260986e+01  -1.03260986e+01
   7.28220474e-01   7.28220474e-01   7.28220474e-01  -5.30624294e-01
  -5.30624294e-01  -5.30624294e-01   2.29781214e-01   2.29781214e-01
   2.29781214e-01   5.73752312e+01   5.73752312e+01   5.73752312e+01
  -4.03901077e+01  -4.03901077e+01  -4.03901077e+01   2.26891264e+01
   2.26891264e+01   2.26891264e+01  -3.73680895e+01  -3.73680895e+01
  -3.73680895e+01   2.08222197e+01   2.08222197e+01   2.08222197e+01
  -1.03260986e+01  -1.03260986e+01  -1.03260986e+01   7.28220474e-01
   7.28220474e-01   7.28220474e-01  -5.30624294e-01  -5.30624294e-01
  -5.30624294e-01   2.29781214e-01   2.29781214e-01   2.29781214e-01
   5.73752312e+01   5.73752312e+01   5.73752312e+01  -4.03901077e+01
  -4.03901077e+01  -4.03901077e+01   2.26896928e+01   2.26898342e+01
   2.26896448e+01]