[  2.08299130e+02   2.08447892e+02   2.09340468e+02  -1.45499541e+02
  -1.45488730e+02  -1.46272577e+02   7.42979797e+01   7.41234911e+01
   7.34359850e+01   1.38410575e-01  -2.76380447e-01   9.08170511e-01
  -3.53818454e+00   3.07126329e+00  -1.38199275e-01   9.34676200e-02
   7.86458715e-02   7.94123927e-02   9.81059543e+00   9.81059543e+00
   9.81059543e+00  -7.23485525e+00  -7.23485525e+00  -7.23485525e+00
   4.76765757e+00   4.76765757e+00   4.76765757e+00   2.08097615e+02
   2.08097615e+02   2.08097615e+02  -1.45571925e+02  -1.45571925e+02
  -1.45571925e+02   7.33985802e+01   7.33985802e+01   7.33985802e+01
  -3.93365179e-02  -3.93365179e-02  -3.93365179e-02  -1.42040349e-02
  -1.42040349e-02  -1.42040349e-02   7.94123927e-02   7.94123927e-02
   7.94123927e-02   9.81059543e+00   9.81059543e+00   9.81059543e+00
  -7.23485525e+00  -7.23485525e+00  -7.23485525e+00   4.76765757e+00
   4.76765757e+00   4.76765757e+00   2.08097615e+02   2.08097615e+02
   2.08097615e+02  -1.45571925e+02  -1.45571925e+02  -1.45571925e+02
   7.33985802e+01   7.33985802e+01   7.33985802e+01  -3.93365179e-02
  -3.93365179e-02  -3.93365179e-02  -1.42040349e-02  -1.42040349e-02
  -1.42040349e-02   7.94123927e-02   7.94123927e-02   7.94123927e-02
   9.81059543e+00   9.81059543e+00   9.81059543e+00  -7.23485525e+00
  -7.23485525e+00  -7.23485525e+00   4.77417634e+00   4.77038684e+00
   4.77549934e+00]