[  20.84824371 -173.32672119   10.52516556   28.14015198   40.94343567
  -17.71369171 -255.93847656  116.34533691  111.38867188   -8.84977722
   50.86132812   11.26773739   -5.89248481   -5.91932038   -5.91821051
    2.25937186    2.25937487    2.25937454 -202.44076962 -202.44076962
 -202.44076962 -337.9895862  -337.9895862  -337.9895862   341.74974791
  341.74974791  341.74974791   34.01565552   34.01565552   34.01565552
  -12.84965134  -12.84965134  -12.84965134    6.27948761    6.27948761
    6.27948761   11.73111248   11.73111248   11.73111248   -5.91818527
   -5.91818527   -5.91818527    2.25937454    2.25937454    2.25937454
 -202.44076962 -202.44076962 -202.44076962 -337.9895862  -337.9895862
 -337.9895862   341.74974791  341.74974791  341.74974791   34.01565552
   34.01565552   34.01565552  -12.84965134  -12.84965134  -12.84965134
    6.27948761    6.27948761    6.27948761   11.73111248   11.73111248
   11.73111248   -5.91818527   -5.91818527   -5.91818527    2.25937454
    2.25937454    2.25937454 -202.44076962 -202.44076962 -202.44076962
 -337.9895862  -337.9895862  -337.9895862   341.74972985  341.75073747
  341.7506117 ]