[ -2.88496353e-01   9.53339619e-01  -6.01865087e-01   1.02492972e+00
   2.64237341e-01  -1.25314788e+00   2.24303421e+00  -3.06379884e+00
   5.08487889e-03   1.12340200e+01   1.12307475e+01   1.12307279e+01
  -3.91405882e+00  -3.91405871e+00  -3.91405872e+00   1.18640187e+00
   1.18640187e+00   1.18640187e+00   4.50065873e-04   4.50065873e-04
   4.50065873e-04   2.27877276e-03   2.27877276e-03   2.27877276e-03
   3.25797966e-03   3.25797966e-03   3.25797966e-03  -3.80891711e-01
  -3.80891711e-01  -3.80891711e-01   1.21964560e-01   1.21964560e-01
   1.21964560e-01   9.58901576e-02   9.58901576e-02   9.58901576e-02
   1.12307220e+01   1.12307220e+01   1.12307220e+01  -3.91405872e+00
  -3.91405872e+00  -3.91405872e+00   1.18640187e+00   1.18640187e+00
   1.18640187e+00   4.50065873e-04   4.50065873e-04   4.50065873e-04
   2.27877276e-03   2.27877276e-03   2.27877276e-03   3.25797966e-03
   3.25797966e-03   3.25797966e-03  -3.80891711e-01  -3.80891711e-01
  -3.80891711e-01   1.21964560e-01   1.21964560e-01   1.21964560e-01
   9.58901576e-02   9.58901576e-02   9.58901576e-02   1.12307220e+01
   1.12307220e+01   1.12307220e+01  -3.91405872e+00  -3.91405872e+00
  -3.91405872e+00   1.18640187e+00   1.18640187e+00   1.18640187e+00
   4.50065873e-04   4.50065873e-04   4.50065873e-04   2.27877276e-03
   2.27877276e-03   2.27877276e-03   3.25797966e-03   3.25797964e-03
   3.25797951e-03]