[ 12.40297723  12.60633183  11.53146744 -11.45681572 -11.37660789
 -11.12449169   5.79535866   5.81887579   6.2123642   -0.28926659
  -1.79472351  -0.65410304   0.80700222   0.81238035   0.81216928
  -0.46310629  -0.46310607  -0.46310608   0.01425865   0.01425865
   0.01425865  -0.01556452  -0.01556452  -0.01556452   0.03702497
   0.03702497   0.03702497  12.49540234  12.49540234  12.49540234
 -11.24514914 -11.24514914 -11.24514914   5.8805548    5.8805548
   5.8805548   -0.5832696   -0.5832696   -0.5832696    0.8121682
   0.8121682    0.8121682   -0.46310608  -0.46310608  -0.46310608
   0.01425865   0.01425865   0.01425865  -0.01556452  -0.01556452
  -0.01556452   0.03702497   0.03702497   0.03702497  12.49540234
  12.49540234  12.49540234 -11.24514914 -11.24514914 -11.24514914
   5.8805548    5.8805548    5.8805548   -0.5832696   -0.5832696
  -0.5832696    0.8121682    0.8121682    0.8121682   -0.46310608
  -0.46310608  -0.46310608   0.01425865   0.01425865   0.01425865
  -0.01556452  -0.01556452  -0.01556452   0.02518594   0.0256058
  -0.15997028]