[ 2.87360409  2.8736041   2.8736041  -2.63067698 -2.63067698 -2.63067698
  0.85953496  0.85953496  0.85953496 -0.19224629 -0.19224629 -0.19224629
  0.21083151  0.21083151  0.21083151 -0.0966419  -0.0966419  -0.0966419
  0.19500268  0.19500268  0.19500268 -0.24054368 -0.24054368 -0.24054368
  0.26073747  0.26073747  0.26073747  2.87360409  2.87360409  2.87360409
 -2.63067698 -2.63067698 -2.63067698  0.85953496  0.85953496  0.85953496
 -0.19224629 -0.19224629 -0.19224629  0.21083151  0.21083151  0.21083151
 -0.0966419  -0.0966419  -0.0966419   0.19500268  0.19500268  0.19500268
 -0.24054368 -0.24054368 -0.24054368  0.26073747  0.26073747  0.26073747
  2.87360409  2.87360409  2.87360409 -2.63067698 -2.63067698 -2.63067698
  0.85953496  0.85953496  0.85953496 -0.19224629 -0.19224629 -0.19224629
  0.21083151  0.21083151  0.21083151 -0.0966419  -0.0966419  -0.0966419
  0.19500268  0.19500268  0.19500268 -0.24054368 -0.24054368 -0.24054368
  0.26073747  0.26073748  0.26073747]