[  1.06967054e+02   9.47971497e+01   1.15087250e+02  -6.84506918e+01
  -7.10821609e+01  -6.52838821e+01   3.37443228e+01   3.83228607e+01
   3.28029976e+01  -6.22084045e+00   1.17695007e+01  -5.80865479e+00
   9.99728394e+00  -7.34375000e+00  -5.41988373e-01   2.41692066e-02
   8.38883221e-03   8.52068514e-03   3.57706364e+00   3.57706364e+00
   3.57706364e+00  -2.84888921e+00  -2.84888921e+00  -2.84888921e+00
   2.06955534e+00   2.06955534e+00   2.06955534e+00   1.06708700e+02
   1.06708700e+02   1.06708700e+02  -6.85485315e+01  -6.85485315e+01
  -6.85485315e+01   3.27686462e+01   3.27686462e+01   3.27686462e+01
  -4.30834293e-03  -4.30834293e-03  -4.30834293e-03  -3.42809677e-01
  -3.42809677e-01  -3.42809677e-01   8.52068514e-03   8.52068514e-03
   8.52068514e-03   3.57706364e+00   3.57706364e+00   3.57706364e+00
  -2.84888921e+00  -2.84888921e+00  -2.84888921e+00   2.06955534e+00
   2.06955534e+00   2.06955534e+00   1.06708700e+02   1.06708700e+02
   1.06708700e+02  -6.85485315e+01  -6.85485315e+01  -6.85485315e+01
   3.27686462e+01   3.27686462e+01   3.27686462e+01  -4.30834293e-03
  -4.30834293e-03  -4.30834293e-03  -3.42809677e-01  -3.42809677e-01
  -3.42809677e-01   8.52068514e-03   8.52068514e-03   8.52068514e-03
   3.57706364e+00   3.57706364e+00   3.57706364e+00  -2.84888921e+00
  -2.84888921e+00  -2.84888921e+00   2.10248905e+00   2.11422598e+00
   2.08171444e+00]