[  7.78612243e+02   7.80209616e+02   7.78131350e+02  -3.79510091e+02
  -3.79604026e+02  -3.79950631e+02   1.59440762e+02   1.59547481e+02
   1.59483589e+02   2.23170638e-01   1.06337786e-01   9.47633088e-01
  -7.71462917e-04   5.37483931e-01  -8.30556870e-01  -8.77076864e-01
   4.60997462e-01   2.59933323e-01   1.13101270e+02   1.13101270e+02
   1.13101270e+02  -5.52864250e+01  -5.52864250e+01  -5.52864250e+01
   2.39635615e+01   2.39635615e+01   2.39635615e+01   7.78595946e+02
   7.78595946e+02   7.78595946e+02  -3.79652551e+02  -3.79652551e+02
  -3.79652551e+02   1.59583321e+02   1.59583321e+02   1.59583321e+02
   7.01986894e-01   7.01986894e-01   7.01986894e-01  -4.42101181e-01
  -4.42101181e-01  -4.42101181e-01   2.59925514e-01   2.59925514e-01
   2.59925514e-01   1.13101270e+02   1.13101270e+02   1.13101270e+02
  -5.52864250e+01  -5.52864250e+01  -5.52864250e+01   2.39635615e+01
   2.39635615e+01   2.39635615e+01   7.78595946e+02   7.78595946e+02
   7.78595946e+02  -3.79652551e+02  -3.79652551e+02  -3.79652551e+02
   1.59583321e+02   1.59583321e+02   1.59583321e+02   7.01986894e-01
   7.01986894e-01   7.01986894e-01  -4.42101181e-01  -4.42101181e-01
  -4.42101181e-01   2.59925514e-01   2.59925514e-01   2.59925514e-01
   1.13101270e+02   1.13101270e+02   1.13101270e+02  -5.52864250e+01
  -5.52864250e+01  -5.52864250e+01   2.39618130e+01   2.39622334e+01
   2.39615890e+01]