[  8.71984918e+02   8.71857876e+02   8.71125462e+02  -4.94251905e+02
  -4.94220060e+02  -4.94562862e+02   2.27947990e+02   2.27729434e+02
   2.27912632e+02  -4.16406631e-01   4.09885406e-01   1.15607262e-01
   2.98967361e-01   1.50562286e-01   1.38115692e+00   1.89657593e+00
  -1.08775330e+00  -5.21359444e-02   8.64924414e+00   8.64924414e+00
   8.64924414e+00  -5.20432120e+00  -5.20432120e+00  -5.20432120e+00
   2.67253179e+00   2.67253179e+00   2.67253179e+00   8.72069462e+02
   8.72069462e+02   8.72069462e+02  -4.94242595e+02  -4.94242595e+02
  -4.94242595e+02   2.27905058e+02   2.27905058e+02   2.27905058e+02
  -6.48775101e-02  -6.48775101e-02  -6.48775101e-02  -3.47511292e-01
  -3.47511292e-01  -3.47511292e-01  -5.21445274e-02  -5.21445274e-02
  -5.21445274e-02   8.64924414e+00   8.64924414e+00   8.64924414e+00
  -5.20432120e+00  -5.20432120e+00  -5.20432120e+00   2.67253179e+00
   2.67253179e+00   2.67253179e+00   8.72069462e+02   8.72069462e+02
   8.72069462e+02  -4.94242595e+02  -4.94242595e+02  -4.94242595e+02
   2.27905058e+02   2.27905058e+02   2.27905058e+02  -6.48775101e-02
  -6.48775101e-02  -6.48775101e-02  -3.47511292e-01  -3.47511292e-01
  -3.47511292e-01  -5.21445274e-02  -5.21445274e-02  -5.21445274e-02
   8.64924414e+00   8.64924414e+00   8.64924414e+00  -5.20432120e+00
  -5.20432120e+00  -5.20432120e+00   2.67197528e+00   2.67172557e+00
   2.67512393e+00]