[  3.46045412e+03   3.46836982e+03   3.45772392e+03  -1.68615690e+03
  -1.68671756e+03  -1.68879264e+03   7.08244120e+02   7.08897624e+02
   7.08428997e+02   7.04102755e-01   4.37717438e-02   4.80166841e+00
   3.10080290e-01   3.35346413e+00  -4.38261271e+00  -5.11491346e+00
   2.45177889e+00   1.31470698e+00   6.23212729e+02   6.23212729e+02
   6.23212729e+02  -3.00312630e+02  -3.00312630e+02  -3.00312630e+02
   1.28510437e+02   1.28510437e+02   1.28510437e+02   3.46034485e+03
   3.46034485e+03   3.46034485e+03  -1.68701364e+03  -1.68701364e+03
  -1.68701364e+03   7.09110752e+02   7.09110752e+02   7.09110752e+02
   3.41227263e+00   3.41227263e+00   3.41227263e+00  -2.18612194e+00
  -2.18612194e+00  -2.18612194e+00   1.31470650e+00   1.31470650e+00
   1.31470650e+00   6.23212729e+02   6.23212729e+02   6.23212729e+02
  -3.00312630e+02  -3.00312630e+02  -3.00312630e+02   1.28510437e+02
   1.28510437e+02   1.28510437e+02   3.46034485e+03   3.46034485e+03
   3.46034485e+03  -1.68701364e+03  -1.68701364e+03  -1.68701364e+03
   7.09110752e+02   7.09110752e+02   7.09110752e+02   3.41227263e+00
   3.41227263e+00   3.41227263e+00  -2.18612194e+00  -2.18612194e+00
  -2.18612194e+00   1.31470650e+00   1.31470650e+00   1.31470650e+00
   6.23212729e+02   6.23212729e+02   6.23212729e+02  -3.00312630e+02
  -3.00312630e+02  -3.00312630e+02   1.28500574e+02   1.28502916e+02
   1.28499626e+02]