[ -26.96196691  344.40360824   -7.20863832  -59.15784143  -83.66287377
   28.52131961  491.46643237 -220.5512695  -211.07213813   36.55634212
  -77.64557085   -1.91994967    2.60340155    2.65472649    2.65260378
   -0.91276258   -0.91276833   -0.9127677   377.28820377  377.28820377
  377.28820377  659.48376711  659.48376711  659.48376711 -559.9292182
 -559.9292182  -559.9292182   -52.14591366  -52.14591366  -52.14591366
   19.21876127   19.21876127   19.21876127  -10.03244444  -10.03244444
  -10.03244444   -2.8061711    -2.8061711    -2.8061711     2.6525555
    2.6525555     2.6525555    -0.9127677    -0.9127677    -0.9127677
  377.28820377  377.28820377  377.28820377  659.48376711  659.48376711
  659.48376711 -559.9292182  -559.9292182  -559.9292182   -52.14591366
  -52.14591366  -52.14591366   19.21876127   19.21876127   19.21876127
  -10.03244444  -10.03244444  -10.03244444   -2.8061711    -2.8061711
   -2.8061711     2.6525555     2.6525555     2.6525555    -0.9127677
   -0.9127677    -0.9127677   377.28820377  377.28820377  377.28820377
  659.48376711  659.48376711  659.48376711 -559.92918368 -559.93111085
 -559.93087031]