[  3.05432994e+00  -5.98208310e+00   5.33464978e+00  -7.73510912e+00
  -2.19956537e+00   8.84177160e+00  -1.62573279e+01   2.23594045e+01
   2.81369240e-02  -8.15807117e+01  -8.15568989e+01  -8.15567563e+01
   2.85235906e+01   2.85235898e+01   2.85235898e+01  -8.69035192e+00
  -8.69035192e+00  -8.69035192e+00  -3.26961010e-03  -3.26961010e-03
  -3.26961010e-03  -1.65548192e-02  -1.65548192e-02  -1.65548192e-02
  -2.36688073e-02  -2.36688073e-02  -2.36688073e-02   3.72666455e+00
   3.72666455e+00   3.72666455e+00  -1.16430001e+00  -1.16430001e+00
  -1.16430001e+00  -6.32613494e-01  -6.32613494e-01  -6.32613494e-01
  -8.15567130e+01  -8.15567130e+01  -8.15567130e+01   2.85235898e+01
   2.85235898e+01   2.85235898e+01  -8.69035192e+00  -8.69035192e+00
  -8.69035192e+00  -3.26961010e-03  -3.26961010e-03  -3.26961010e-03
  -1.65548192e-02  -1.65548192e-02  -1.65548192e-02  -2.36688073e-02
  -2.36688073e-02  -2.36688073e-02   3.72666455e+00   3.72666455e+00
   3.72666455e+00  -1.16430001e+00  -1.16430001e+00  -1.16430001e+00
  -6.32613494e-01  -6.32613494e-01  -6.32613494e-01  -8.15567130e+01
  -8.15567130e+01  -8.15567130e+01   2.85235898e+01   2.85235898e+01
   2.85235898e+01  -8.69035192e+00  -8.69035192e+00  -8.69035192e+00
  -3.26961010e-03  -3.26961010e-03  -3.26961010e-03  -1.65548192e-02
  -1.65548192e-02  -1.65548192e-02  -2.36688073e-02  -2.36688072e-02
  -2.36688062e-02]