[  1.69635048e+01  -2.65554933e+01   2.79453016e+01  -3.80516116e+01
  -1.13929803e+01   4.17812067e+01  -7.80422113e+01   1.07933829e+02
   3.87610532e-01  -3.92636821e+02  -3.92522140e+02  -3.92521453e+02
   1.37241960e+02   1.37241957e+02   1.37241957e+02  -4.17975521e+01
  -4.17975521e+01  -4.17975521e+01  -1.57350046e-02  -1.57350046e-02
  -1.57350046e-02  -7.96704070e-02  -7.96704070e-02  -7.96704070e-02
  -1.13907192e-01  -1.13907192e-01  -1.13907192e-01   2.02013510e+01
   2.02013510e+01   2.02013510e+01  -6.40722121e+00  -6.40722121e+00
  -6.40722121e+00  -2.79451839e+00  -2.79451839e+00  -2.79451839e+00
  -3.92521245e+02  -3.92521245e+02  -3.92521245e+02   1.37241957e+02
   1.37241957e+02   1.37241957e+02  -4.17975521e+01  -4.17975521e+01
  -4.17975521e+01  -1.57350046e-02  -1.57350046e-02  -1.57350046e-02
  -7.96704070e-02  -7.96704070e-02  -7.96704070e-02  -1.13907192e-01
  -1.13907192e-01  -1.13907192e-01   2.02013510e+01   2.02013510e+01
   2.02013510e+01  -6.40722121e+00  -6.40722121e+00  -6.40722121e+00
  -2.79451839e+00  -2.79451839e+00  -2.79451839e+00  -3.92521245e+02
  -3.92521245e+02  -3.92521245e+02   1.37241957e+02   1.37241957e+02
   1.37241957e+02  -4.17975521e+01  -4.17975521e+01  -4.17975521e+01
  -1.57350046e-02  -1.57350046e-02  -1.57350046e-02  -7.96704070e-02
  -7.96704070e-02  -7.96704070e-02  -1.13907192e-01  -1.13907191e-01
  -1.13907187e-01]