[  8.10650787e+00   8.04354353e+00   8.12226860e+00  -3.01911376e+00
  -2.98106598e+00  -2.90484689e+00   8.54373495e-01   1.12077980e+00
   9.66758606e-01   1.76373358e-01   1.76537261e-01   1.76538289e-01
  -5.90218508e-01  -5.90218513e-01  -5.90218513e-01   3.93229312e-01
   3.93229312e-01   3.93229312e-01   1.71726256e-05   1.71726256e-05
   1.71726256e-05   8.58604044e-05   8.58604044e-05   8.58604044e-05
   1.20743358e-04   1.20743358e-04   1.20743358e-04   8.11114821e+00
   8.11114821e+00   8.11114821e+00  -2.97390729e+00  -2.97390729e+00
  -2.97390729e+00   9.62202679e-01   9.62202679e-01   9.62202679e-01
   1.76538551e-01   1.76538551e-01   1.76538551e-01  -5.90218513e-01
  -5.90218513e-01  -5.90218513e-01   3.93229312e-01   3.93229312e-01
   3.93229312e-01   1.71726256e-05   1.71726256e-05   1.71726256e-05
   8.58604044e-05   8.58604044e-05   8.58604044e-05   1.20743358e-04
   1.20743358e-04   1.20743358e-04   8.11114821e+00   8.11114821e+00
   8.11114821e+00  -2.97390729e+00  -2.97390729e+00  -2.97390729e+00
   9.62202679e-01   9.62202679e-01   9.62202679e-01   1.76538551e-01
   1.76538551e-01   1.76538551e-01  -5.90218513e-01  -5.90218513e-01
  -5.90218513e-01   3.93229312e-01   3.93229312e-01   3.93229312e-01
   1.71726256e-05   1.71726256e-05   1.71726256e-05   8.58604044e-05
   8.58604044e-05   8.58604044e-05   1.20743371e-04   1.20743349e-04
   1.20743367e-04]