[ -5.52389690e+00  -5.51235649e+00  -5.51005613e+00   2.78462699e+00
   3.04863036e+00   3.05537086e+00  -1.32010039e+00  -1.44362763e+00
  -1.46820974e+00  -1.89281721e-01  -8.92645067e-02  -1.05870421e-01
  -1.50108192e-03   1.62928699e-01  -2.17699892e-01  -6.76080104e-01
   4.63687692e-01   1.58462034e-02  -3.92993949e+01  -3.92993949e+01
  -3.92993949e+01   1.68112513e+01   1.68112513e+01   1.68112513e+01
  -6.40447153e+00  -6.40447154e+00  -6.40447154e+00  -5.52812344e+00
  -5.52812344e+00  -5.52812344e+00   3.04647180e+00   3.04647180e+00
   3.04647180e+00  -1.49913084e+00  -1.49913084e+00  -1.49913084e+00
  -1.45332054e-01  -1.45332054e-01  -1.45332054e-01   8.44518085e-02
   8.44518085e-02   8.44518085e-02   1.58447729e-02   1.58447729e-02
   1.58447729e-02  -3.92993949e+01  -3.92993949e+01  -3.92993949e+01
   1.68112513e+01   1.68112513e+01   1.68112513e+01  -6.40447154e+00
  -6.40447154e+00  -6.40447154e+00  -5.52812344e+00  -5.52812344e+00
  -5.52812344e+00   3.04647180e+00   3.04647180e+00   3.04647180e+00
  -1.49913084e+00  -1.49913084e+00  -1.49913084e+00  -1.45332054e-01
  -1.45332054e-01  -1.45332054e-01   8.44518085e-02   8.44518085e-02
   8.44518085e-02   1.58447729e-02   1.58447729e-02   1.58447729e-02
  -3.92993949e+01  -3.92993949e+01  -3.92993949e+01   1.68112513e+01
   1.68112513e+01   1.68112513e+01  -6.40482351e+00  -6.40491170e+00
  -6.40479369e+00]