[  12.23171234 -107.21014404    5.88131905   17.57807922   25.45425415
  -10.62726593 -157.53686523   71.46435547   68.41589355   -7.06808472
   29.66195679    5.30677414   -2.9171216    -2.93362888   -2.93294617
    1.11591903    1.11592088    1.11592068 -124.36176154 -124.36176154
 -124.36176154 -209.47076454 -209.47076454 -209.47076454  205.15150161
  205.15150162  205.15150162   20.33133698   20.33133698   20.33133698
   -7.6352005    -7.6352005    -7.6352005     3.75969315    3.75969315
    3.75969315    5.59179974    5.59179974    5.59179974   -2.93293065
   -2.93293065   -2.93293065    1.11592068    1.11592068    1.11592068
 -124.36176154 -124.36176154 -124.36176154 -209.47076454 -209.47076454
 -209.47076454  205.15150162  205.15150162  205.15150162   20.33133698
   20.33133698   20.33133698   -7.6352005    -7.6352005    -7.6352005
    3.75969315    3.75969315    3.75969315    5.59179974    5.59179974
    5.59179974   -2.93293065   -2.93293065   -2.93293065    1.11592068
    1.11592068    1.11592068 -124.36176154 -124.36176154 -124.36176154
 -209.47076454 -209.47076454 -209.47076454  205.15149049  205.15211033
  205.15203296]