[-10059.89293348 -10165.75697935  -9951.57899238   4006.42212731
   4427.89077277   3946.94115442  -1569.27449427  -1336.69041955
  -1742.51873113    540.20219275   -207.29149786   -131.73112748
     30.15932206     30.09142729     30.09799752    -11.30364469
    -11.30364316    -11.30363625  -2490.37462008  -2490.37461925
  -2490.37461925  -4607.05983949  -4607.05983949  -4607.05983949
   3464.36437297   3464.36437297   3464.36437297 -10073.56260327
 -10073.56260327 -10073.56260327   4313.61162824   4313.61162824
   4313.61162824  -1616.79441454  -1616.79441454  -1616.79441454
   -140.57631786   -140.57631786   -140.57631786     30.09758473
     30.09758473     30.09758473    -11.30363625    -11.30363625
    -11.30363625  -2490.37461925  -2490.37461925  -2490.37461925
  -4607.05983877  -4607.05983877  -4607.05983877   3464.36437297
   3464.36437297   3464.36437297 -10073.56260327 -10073.56260327
 -10073.56260327   4313.61162824   4313.61162824   4313.61162824
  -1616.79441454  -1616.79441454  -1616.79441454   -140.57631786
   -140.57631786   -140.57631786     30.09758473     30.09758473
     30.09758473    -11.30363625    -11.30363625    -11.30363625
  -2490.37461925  -2490.37461925  -2490.37461925  -4607.05983877
  -4607.05983877  -4607.05983877   3464.36502934   3464.3648932
   3464.36294699]