[  3.83115237e+00  -4.26408923e+00   5.87383778e+00  -7.39853494e+00
  -2.43965945e+00   7.45168164e+00  -1.43876525e+01   2.02061315e+01
   2.01066013e-01  -7.30456631e+01  -7.30243312e+01  -7.30242035e+01
   2.53192494e+01   2.53192487e+01   2.53192487e+01  -7.62413303e+00
  -7.62413303e+00  -7.62413303e+00  -2.92393571e-03  -2.92393571e-03
  -2.92393571e-03  -1.48047286e-02  -1.48047286e-02  -1.48047286e-02
  -2.11669240e-02  -2.11669240e-02  -2.11669240e-02   4.43349077e+00
   4.43349077e+00   4.43349077e+00  -1.51224392e+00  -1.51224392e+00
  -1.51224392e+00  -3.90837421e-01  -3.90837421e-01  -3.90837421e-01
  -7.30241647e+01  -7.30241647e+01  -7.30241647e+01   2.53192487e+01
   2.53192487e+01   2.53192487e+01  -7.62413303e+00  -7.62413303e+00
  -7.62413303e+00  -2.92393571e-03  -2.92393571e-03  -2.92393571e-03
  -1.48047286e-02  -1.48047286e-02  -1.48047286e-02  -2.11669240e-02
  -2.11669240e-02  -2.11669240e-02   4.43349077e+00   4.43349077e+00
   4.43349077e+00  -1.51224392e+00  -1.51224392e+00  -1.51224392e+00
  -3.90837421e-01  -3.90837421e-01  -3.90837421e-01  -7.30241647e+01
  -7.30241647e+01  -7.30241647e+01   2.53192487e+01   2.53192487e+01
   2.53192487e+01  -7.62413303e+00  -7.62413303e+00  -7.62413303e+00
  -2.92393571e-03  -2.92393571e-03  -2.92393571e-03  -1.48047286e-02
  -1.48047286e-02  -1.48047286e-02  -2.11669239e-02  -2.11669238e-02
  -2.11669230e-02]