[ -1.10728697e+01  -1.09001132e+01  -1.08657693e+01   1.51378146e+00
   5.46438590e+00   5.56514552e+00   4.11182117e-01  -1.43778037e+00
  -1.80569899e+00  -2.23773971e+00  -7.41012672e-01  -9.89541664e-01
  -1.42187173e-02   2.44658685e+00  -3.24965995e+00  -1.02806063e+01
   6.77524033e+00   7.38960176e-02  -5.82052039e+02  -5.82052039e+02
  -5.82052039e+02   2.70886452e+02   2.70886452e+02   2.70886452e+02
  -1.12310698e+02  -1.12310698e+02  -1.12310698e+02  -1.11361275e+01
  -1.11361275e+01  -1.11361275e+01   5.43200270e+00   5.43200270e+00
   5.43200270e+00  -2.26846191e+00  -2.26846191e+00  -2.26846191e+00
  -1.58005640e+00  -1.58005640e+00  -1.58005640e+00   1.27211449e+00
   1.27211449e+00   1.27211449e+00   7.38893419e-02   7.38893419e-02
   7.38893419e-02  -5.82052039e+02  -5.82052039e+02  -5.82052039e+02
   2.70886452e+02   2.70886452e+02   2.70886452e+02  -1.12310698e+02
  -1.12310698e+02  -1.12310698e+02  -1.11361275e+01  -1.11361275e+01
  -1.11361275e+01   5.43200270e+00   5.43200270e+00   5.43200270e+00
  -2.26846191e+00  -2.26846191e+00  -2.26846191e+00  -1.58005640e+00
  -1.58005640e+00  -1.58005640e+00   1.27211449e+00   1.27211449e+00
   1.27211449e+00   7.38893419e-02   7.38893419e-02   7.38893419e-02
  -5.82052039e+02  -5.82052039e+02  -5.82052039e+02   2.70886452e+02
   2.70886452e+02   2.70886452e+02  -1.12315965e+02  -1.12317284e+02
  -1.12315519e+02]