[ -1.77073266e+02  -1.77105801e+02  -1.77066731e+02   1.18110734e+02
   1.18110232e+02   1.18103612e+02  -5.90602130e+01  -5.90682958e+01
  -5.90641565e+01   2.40817119e-01   2.40869641e-01   2.40869641e-01
  -8.95930625e-02  -8.95930625e-02  -8.95930625e-02   2.63318324e-02
   2.63318324e-02   2.63318324e-02   1.86674456e+00   1.86674456e+00
   1.86674456e+00  -1.14563877e+00  -1.14563877e+00  -1.14563877e+00
   5.86212015e-01   5.86212015e-01   5.86212015e-01  -1.77074137e+02
  -1.77074137e+02  -1.77074137e+02   1.18110721e+02   1.18110721e+02
   1.18110721e+02  -5.90640379e+01  -5.90640379e+01  -5.90640379e+01
   2.40869641e-01   2.40869641e-01   2.40869641e-01  -8.95930625e-02
  -8.95930625e-02  -8.95930625e-02   2.63318324e-02   2.63318324e-02
   2.63318324e-02   1.86674456e+00   1.86674456e+00   1.86674456e+00
  -1.14563877e+00  -1.14563877e+00  -1.14563877e+00   5.86212015e-01
   5.86212015e-01   5.86212015e-01  -1.77074137e+02  -1.77074137e+02
  -1.77074137e+02   1.18110721e+02   1.18110721e+02   1.18110721e+02
  -5.90640379e+01  -5.90640379e+01  -5.90640379e+01   2.40869641e-01
   2.40869641e-01   2.40869641e-01  -8.95930625e-02  -8.95930625e-02
  -8.95930625e-02   2.63318324e-02   2.63318324e-02   2.63318324e-02
   1.86674456e+00   1.86674456e+00   1.86674456e+00  -1.14563877e+00
  -1.14563877e+00  -1.14563877e+00   5.86228106e-01   5.86234496e-01
   5.86183153e-01]