[  1.19693913e+03   1.19817907e+03   1.19973056e+03  -5.84415710e+02
  -5.84090707e+02  -5.82237748e+02   2.46041509e+02   2.45406234e+02
   2.45145558e+02   2.30418873e+00  -8.16215515e-01   2.51161766e+00
   5.52301025e+00  -2.46844673e+00  -1.01514435e+00   2.26338352e-01
   2.26338352e-01   2.26338352e-01   1.73590119e+02   1.73590119e+02
   1.73590119e+02  -8.40201033e+01  -8.40201033e+01  -8.40201033e+01
   3.60773208e+01   3.60773208e+01   3.60773208e+01   1.19655490e+03
   1.19655490e+03   1.19655490e+03  -5.83742448e+02  -5.83742448e+02
  -5.83742448e+02   2.45234532e+02   2.45234532e+02   2.45234532e+02
   6.77349567e-01   6.77349567e-01   6.77349567e-01  -1.05673170e+00
  -1.05673170e+00  -1.05673170e+00   2.26338352e-01   2.26338352e-01
   2.26338352e-01   1.73590119e+02   1.73590119e+02   1.73590119e+02
  -8.40201033e+01  -8.40201033e+01  -8.40201033e+01   3.60773208e+01
   3.60773208e+01   3.60773208e+01   1.19655490e+03   1.19655490e+03
   1.19655490e+03  -5.83742448e+02  -5.83742448e+02  -5.83742448e+02
   2.45234532e+02   2.45234532e+02   2.45234532e+02   6.77349567e-01
   6.77349567e-01   6.77349567e-01  -1.05673170e+00  -1.05673170e+00
  -1.05673170e+00   2.26338352e-01   2.26338352e-01   2.26338352e-01
   1.73590119e+02   1.73590119e+02   1.73590119e+02  -8.40201033e+01
  -8.40201033e+01  -8.40201033e+01   3.60784953e+01   3.60773375e+01
   3.60791291e+01]