[ -8.70508240e+01   1.26346529e+03  -1.52422880e+01  -2.19202561e+02
  -3.08268889e+02   9.97008746e+01   1.78858038e+03  -8.00721617e+02
  -7.66248414e+02   1.60386878e+02  -2.54915373e+02   2.04654349e+01
  -1.23588594e+00  -1.04923965e+00  -1.05695903e+00   3.08926543e-01
   3.08905615e-01   3.08907918e-01   1.42061539e+03   1.42061539e+03
   1.42061539e+03   2.46672549e+03   2.46672549e+03   2.46672549e+03
  -2.15114363e+03  -2.15114363e+03  -2.15114363e+03  -1.78633024e+02
  -1.78633024e+02  -1.78633024e+02   6.58705750e+01   6.58705750e+01
   6.58705750e+01  -3.51817667e+01  -3.51817667e+01  -3.51817667e+01
   1.72426244e+01   1.72426244e+01   1.72426244e+01  -1.05713459e+00
  -1.05713459e+00  -1.05713459e+00   3.08907918e-01   3.08907918e-01
   3.08907918e-01   1.42061539e+03   1.42061539e+03   1.42061539e+03
   2.46672549e+03   2.46672549e+03   2.46672549e+03  -2.15114363e+03
  -2.15114363e+03  -2.15114363e+03  -1.78633024e+02  -1.78633024e+02
  -1.78633024e+02   6.58705750e+01   6.58705750e+01   6.58705750e+01
  -3.51817667e+01  -3.51817667e+01  -3.51817667e+01   1.72426244e+01
   1.72426244e+01   1.72426244e+01  -1.05713459e+00  -1.05713459e+00
  -1.05713459e+00   3.08907918e-01   3.08907918e-01   3.08907918e-01
   1.42061539e+03   1.42061539e+03   1.42061539e+03   2.46672549e+03
   2.46672549e+03   2.46672549e+03  -2.15114350e+03  -2.15115051e+03
  -2.15114963e+03]