[ -2.06197464e+02  -2.06349592e+02  -2.07260694e+02   1.48294568e+02
   1.48283640e+02   1.49083158e+02  -7.73236146e+01  -7.71457554e+01
  -7.64445946e+01   6.45367419e-02   4.87744010e-01  -7.21421098e-01
   3.47703130e+00  -3.26445536e+00   1.08578482e-02   2.44764138e-04
   1.53624158e-02   1.45848961e-02   6.98053976e-01   6.98053976e-01
   6.98053976e-01  -5.17132894e-01  -5.17132894e-01  -5.17132894e-01
   2.90632390e-01   2.90632390e-01   2.90632390e-01  -2.05991674e+02
  -2.05991674e+02  -2.05991674e+02   1.48368428e+02   1.48368428e+02
   1.48368428e+02  -7.64061117e+01  -7.64061117e+01  -7.64061117e+01
   2.45778777e-01   2.45778777e-01   2.45778777e-01  -1.15661278e-01
  -1.15661278e-01  -1.15661278e-01   1.45848961e-02   1.45848961e-02
   1.45848961e-02   6.98053976e-01   6.98053976e-01   6.98053976e-01
  -5.17132894e-01  -5.17132894e-01  -5.17132894e-01   2.90632390e-01
   2.90632390e-01   2.90632390e-01  -2.05991674e+02  -2.05991674e+02
  -2.05991674e+02   1.48368428e+02   1.48368428e+02   1.48368428e+02
  -7.64061117e+01  -7.64061117e+01  -7.64061117e+01   2.45778777e-01
   2.45778777e-01   2.45778777e-01  -1.15661278e-01  -1.15661278e-01
  -1.15661278e-01   1.45848961e-02   1.45848961e-02   1.45848961e-02
   6.98053976e-01   6.98053976e-01   6.98053976e-01  -5.17132894e-01
  -5.17132894e-01  -5.17132894e-01   2.83974215e-01   2.87847263e-01
   2.82629013e-01]