[  1.08491040e+03   1.08475274e+03   1.08383978e+03  -6.14984760e+02
  -6.14945087e+02  -6.15372200e+02   2.83618494e+02   2.83346121e+02
   2.83574434e+02  -2.89443970e-01   7.39997864e-01   3.73388290e-01
   2.42088318e-01   5.72223663e-02   1.58987427e+00   2.42456055e+00
  -1.29335022e+00  -3.26919556e-03   2.60472093e+01   2.60472093e+01
   2.60472093e+01  -1.59943365e+01  -1.59943365e+01  -1.59943365e+01
   8.72380936e+00   8.72380936e+00   8.72380936e+00   1.08501574e+03
   1.08501574e+03   1.08501574e+03  -6.14973158e+02  -6.14973158e+02
  -6.14973158e+02   2.83565002e+02   2.83565002e+02   2.83565002e+02
   1.48533106e-01   1.48533106e-01   1.48533106e-01  -5.63323975e-01
  -5.63323975e-01  -5.63323975e-01  -3.25965881e-03  -3.25965881e-03
  -3.25965881e-03   2.60472093e+01   2.60472093e+01   2.60472093e+01
  -1.59943365e+01  -1.59943365e+01  -1.59943365e+01   8.72380936e+00
   8.72380936e+00   8.72380936e+00   1.08501574e+03   1.08501574e+03
   1.08501574e+03  -6.14973158e+02  -6.14973158e+02  -6.14973158e+02
   2.83565002e+02   2.83565002e+02   2.83565002e+02   1.48533106e-01
   1.48533106e-01   1.48533106e-01  -5.63323975e-01  -5.63323975e-01
  -5.63323975e-01  -3.25965881e-03  -3.25965881e-03  -3.25965881e-03
   2.60472093e+01   2.60472093e+01   2.60472093e+01  -1.59943365e+01
  -1.59943365e+01  -1.59943365e+01   8.72311615e+00   8.72280503e+00
   8.72703761e+00]