[ 7.46500039  7.47051066  7.50346131 -5.31955196 -5.31915334 -5.34811293
  2.78631387  2.77986103  2.75446006 -0.01838793 -0.03371294  0.01007206
 -0.11255261  0.13167451  0.01306616 -0.00907435 -0.00962206 -0.00959374
 -3.91776191 -3.91776191 -3.91776191  2.38149784  2.38149784  2.38149784
 -1.19656158 -1.19656158 -1.19656158  7.45755671  7.45755671  7.45755671
 -5.32222431 -5.32222431 -5.32222431  2.7530726   2.7530726   2.7530726
 -0.02495753 -0.02495753 -0.02495753  0.01765002  0.01765002  0.01765002
 -0.00959374 -0.00959374 -0.00959374 -3.91776191 -3.91776191 -3.91776191
  2.38149784  2.38149784  2.38149784 -1.19656158 -1.19656158 -1.19656158
  7.45755671  7.45755671  7.45755671 -5.32222431 -5.32222431 -5.32222431
  2.7530726   2.7530726   2.7530726  -0.02495753 -0.02495753 -0.02495753
  0.01765002  0.01765002  0.01765002 -0.00959374 -0.00959374 -0.00959374
 -3.91776191 -3.91776191 -3.91776191  2.38149784  2.38149784  2.38149784
 -1.19632078 -1.1964607  -1.19627169]