[ -5.77714134e+01  -5.78142462e+01  -5.80703624e+01   4.17270909e+01
   4.17240469e+01   4.19490953e+01  -2.17892256e+01  -2.17392965e+01
  -2.15416394e+01   4.90760403e-02   1.68315830e-01  -1.71805891e-01
   9.59095526e-01  -9.39343590e-01  -1.76684414e-02   1.04165659e-02
   1.46790999e-02   1.44591135e-02   3.43531302e-01   3.43531302e-01
   3.43531302e-01  -2.08394083e-01  -2.08394083e-01  -2.08394083e-01
   1.00669385e-01   1.00669385e-01   1.00669385e-01  -5.77135523e+01
  -5.77135523e+01  -5.77135523e+01   4.17478775e+01   4.17478775e+01
   4.17478775e+01  -2.15308033e+01  -2.15308033e+01  -2.15308033e+01
   1.00171458e-01   1.00171458e-01   1.00171458e-01  -5.32873587e-02
  -5.32873587e-02  -5.32873587e-02   1.44591135e-02   1.44591135e-02
   1.44591135e-02   3.43531302e-01   3.43531302e-01   3.43531302e-01
  -2.08394083e-01  -2.08394083e-01  -2.08394083e-01   1.00669385e-01
   1.00669385e-01   1.00669385e-01  -5.77135523e+01  -5.77135523e+01
  -5.77135523e+01   4.17478775e+01   4.17478775e+01   4.17478775e+01
  -2.15308033e+01  -2.15308033e+01  -2.15308033e+01   1.00171458e-01
   1.00171458e-01   1.00171458e-01  -5.32873587e-02  -5.32873587e-02
  -5.32873587e-02   1.44591135e-02   1.44591135e-02   1.44591135e-02
   3.43531302e-01   3.43531302e-01   3.43531302e-01  -2.08394083e-01
  -2.08394083e-01  -2.08394083e-01   9.87964952e-02   9.98853439e-02
   9.84163284e-02]