[ 6.06391118  6.06391116  6.06391111 -2.19813238 -2.19813241 -2.19813239
  0.96773371  0.96773373  0.9677337  -0.43476617 -0.43476617 -0.43476617
  0.56727901  0.56727901  0.56727901 -0.35485031 -0.35485031 -0.35485031
  0.13288126  0.13288126  0.13288126 -0.10556493 -0.10556493 -0.10556493
  0.06685951  0.06685951  0.06685951  6.06391119  6.06391119  6.06391119
 -2.19813239 -2.19813239 -2.19813239  0.96773372  0.96773372  0.96773372
 -0.43476617 -0.43476617 -0.43476617  0.56727901  0.56727901  0.56727901
 -0.35485031 -0.35485031 -0.35485031  0.13288126  0.13288126  0.13288126
 -0.10556493 -0.10556493 -0.10556493  0.06685951  0.06685951  0.06685951
  6.06391119  6.06391119  6.06391119 -2.19813239 -2.19813239 -2.19813239
  0.96773372  0.96773372  0.96773372 -0.43476617 -0.43476617 -0.43476617
  0.56727901  0.56727901  0.56727901 -0.35485031 -0.35485031 -0.35485031
  0.13288126  0.13288126  0.13288126 -0.10556493 -0.10556493 -0.10556493
  0.0668595   0.06685951  0.06685951]