[  14.70230103 -114.7588501     7.81960917   18.47079468   27.00714874
  -12.10106277 -170.55065918   77.66052246   74.35610962   -5.43606186
   34.37477112    7.97677755   -4.13698355   -4.15487547   -4.1541355
    1.58916662    1.58916863    1.58916841 -134.75001364 -134.75001364
 -134.75001364 -224.61102694 -224.61102694 -224.61102694  228.42519523
  228.42519523  228.42519523   23.48145294   23.48145294   23.48145294
   -8.85802841   -8.85802841   -8.85802841    4.27677822    4.27677822
    4.27677822    8.2857132     8.2857132     8.2857132    -4.15411867
   -4.15411867   -4.15411867    1.58916841    1.58916841    1.58916841
 -134.75001364 -134.75001364 -134.75001364 -224.61102694 -224.61102694
 -224.61102694  228.42519523  228.42519523  228.42519523   23.48145294
   23.48145294   23.48145294   -8.85802841   -8.85802841   -8.85802841
    4.27677822    4.27677822    4.27677822    8.2857132     8.2857132
    8.2857132    -4.15411867   -4.15411867   -4.15411867    1.58916841
    1.58916841    1.58916841 -134.75001364 -134.75001364 -134.75001364
 -224.61102694 -224.61102694 -224.61102694  228.4251832   228.425855
  228.42577114]