[ -9.61091493e+02   1.34160178e+01  -2.06866884e+03   2.89012185e+03
  -1.40147012e+03   3.43084113e+03  -4.04495481e+02  -2.72272298e+03
   1.32423131e+03  -6.04810379e+03   1.40614603e+03   6.52633475e+02
  -2.27810612e+01  -2.21039925e+01  -2.21695129e+01   8.68685191e+00
   8.68683668e+00   8.68676770e+00   2.48545774e+04   2.48545774e+04
   2.48545774e+04   4.49468785e+04   4.49468785e+04   4.49468785e+04
  -3.73803144e+04  -3.73803144e+04  -3.73803144e+04  -8.29049803e+02
  -8.29049803e+02  -8.29049803e+02  -2.33404403e+02  -2.33404403e+02
  -2.33404403e+02   7.04675953e+01   7.04675953e+01   7.04675953e+01
   7.40840586e+02   7.40840586e+02   7.40840586e+02  -2.21653965e+01
  -2.21653965e+01  -2.21653965e+01   8.68676770e+00   8.68676770e+00
   8.68676770e+00   2.48545774e+04   2.48545774e+04   2.48545774e+04
   4.49468785e+04   4.49468785e+04   4.49468785e+04  -3.73803144e+04
  -3.73803144e+04  -3.73803144e+04  -8.29049803e+02  -8.29049803e+02
  -8.29049803e+02  -2.33404403e+02  -2.33404403e+02  -2.33404403e+02
   7.04675953e+01   7.04675953e+01   7.04675953e+01   7.40840586e+02
   7.40840586e+02   7.40840586e+02  -2.21653965e+01  -2.21653965e+01
  -2.21653965e+01   8.68676770e+00   8.68676770e+00   8.68676770e+00
   2.48545774e+04   2.48545774e+04   2.48545774e+04   4.49468785e+04
   4.49468785e+04   4.49468785e+04  -3.73803209e+04  -3.73803196e+04
  -3.73803001e+04]