[-10.10854753 -10.11455137 -10.11573206   5.77759132   5.64057258
   5.63709197  -2.89748425  -2.83325652  -2.82049708   0.09901993
   0.04711443   0.05571668  -0.04252922  -0.12796114   0.06962724
   0.39396872  -0.19775552   0.03483288  19.90233824  19.90233824
  19.90233824 -11.30690551 -11.30690551 -11.30690551   5.67537637
   5.67537634   5.67537634 -10.10635203 -10.10635203 -10.10635203
   5.64171832   5.64171832   5.64171832  -2.80443819  -2.80443819
  -2.80443819   0.07620855   0.07620855   0.07620855  -0.08715604
  -0.08715604  -0.08715604   0.03482716   0.03482716   0.03482716
  19.90233824  19.90233824  19.90233824 -11.30690551 -11.30690551
 -11.30690551   5.67537634   5.67537634   5.67537634 -10.10635203
 -10.10635203 -10.10635203   5.64171832   5.64171832   5.64171832
  -2.80443819  -2.80443819  -2.80443819   0.07620855   0.07620855
   0.07620855  -0.08715604  -0.08715604  -0.08715604   0.03482716
   0.03482716   0.03482716  19.90233824  19.90233824  19.90233824
 -11.30690551 -11.30690551 -11.30690551   5.67555913   5.67560474
   5.67554361]