[ -1.87950429e+02  -1.87923271e+02  -1.87763794e+02   1.07692921e+02
   1.07686007e+02   1.07760426e+02  -5.00082893e+01  -4.99607639e+01
  -5.00005922e+01  -2.16590881e-01  -3.96106720e-01  -3.32105637e-01
   1.29840851e-01   1.62017822e-01  -1.05209351e-01  -5.05142212e-01
   1.42761230e-01  -8.23106766e-02   2.28604589e+00   2.28604589e+00
   2.28604589e+00   6.71415253e-02   6.71415253e-02   6.71415253e-02
  -5.19661113e-01  -5.19661113e-01  -5.19661113e-01  -1.87968782e+02
  -1.87968782e+02  -1.87968782e+02   1.07690897e+02   1.07690897e+02
   1.07690897e+02  -4.99989449e+01  -4.99989449e+01  -4.99989449e+01
  -2.92895794e-01  -2.92895794e-01  -2.92895794e-01   2.70217896e-01
   2.70217896e-01   2.70217896e-01  -8.23202133e-02  -8.23202133e-02
  -8.23202133e-02   2.28604589e+00   2.28604589e+00   2.28604589e+00
   6.71415253e-02   6.71415253e-02   6.71415253e-02  -5.19661113e-01
  -5.19661113e-01  -5.19661113e-01  -1.87968782e+02  -1.87968782e+02
  -1.87968782e+02   1.07690897e+02   1.07690897e+02   1.07690897e+02
  -4.99989449e+01  -4.99989449e+01  -4.99989449e+01  -2.92895794e-01
  -2.92895794e-01  -2.92895794e-01   2.70217896e-01   2.70217896e-01
   2.70217896e-01  -8.23202133e-02  -8.23202133e-02  -8.23202133e-02
   2.28604589e+00   2.28604589e+00   2.28604589e+00   6.71415253e-02
   6.71415253e-02   6.71415253e-02  -5.19540265e-01  -5.19485928e-01
  -5.20223856e-01]