[  1.33099788e+01   1.09556960e+01   1.39040903e+01  -6.66975774e+00
  -5.22681446e+00  -2.34982057e+00  -2.69833080e+00   7.36416326e+00
   1.54538529e+00  -2.01701774e+01  -2.01639719e+01  -2.01639347e+01
   6.10289627e+00   6.10289607e+00   6.10289607e+00  -1.47502556e+00
  -1.47502556e+00  -1.47502556e+00  -7.90770118e-04  -7.90770118e-04
  -7.90770118e-04  -4.00553860e-03  -4.00553860e-03  -4.00553860e-03
  -5.72991763e-03  -5.72991763e-03  -5.72991763e-03   1.34851966e+01
   1.34851966e+01   1.34851966e+01  -4.95700179e+00  -4.95700179e+00
  -4.95700179e+00   1.37318964e+00   1.37318964e+00   1.37318964e+00
  -2.01639236e+01  -2.01639236e+01  -2.01639236e+01   6.10289607e+00
   6.10289607e+00   6.10289607e+00  -1.47502556e+00  -1.47502556e+00
  -1.47502556e+00  -7.90770118e-04  -7.90770118e-04  -7.90770118e-04
  -4.00553860e-03  -4.00553860e-03  -4.00553860e-03  -5.72991763e-03
  -5.72991763e-03  -5.72991763e-03   1.34851966e+01   1.34851966e+01
   1.34851966e+01  -4.95700179e+00  -4.95700179e+00  -4.95700179e+00
   1.37318964e+00   1.37318964e+00   1.37318964e+00  -2.01639236e+01
  -2.01639236e+01  -2.01639236e+01   6.10289607e+00   6.10289607e+00
   6.10289607e+00  -1.47502556e+00  -1.47502556e+00  -1.47502556e+00
  -7.90770118e-04  -7.90770118e-04  -7.90770118e-04  -4.00553860e-03
  -4.00553860e-03  -4.00553860e-03  -5.72991764e-03  -5.72991761e-03
  -5.72991735e-03]