[ 1.73476517  1.75799465  1.63520432 -0.79746342 -0.78830433 -0.75950289
  0.31945848  0.3221426   0.36708164 -0.0503006  -0.22225952 -0.091977
  0.12382784  0.124442    0.12441789 -0.07600817 -0.07600815 -0.07600815
  0.0155518   0.0155518   0.0155518  -0.0114787  -0.0114787  -0.0114787
  0.00810921  0.00810921  0.00810921  1.74531698  1.74531698  1.74531698
 -0.77328897 -0.77328897 -0.77328897  0.32918847  0.32918847  0.32918847
 -0.08388376 -0.08388376 -0.08388376  0.12441776  0.12441776  0.12441776
 -0.07600815 -0.07600815 -0.07600815  0.0155518   0.0155518   0.0155518
 -0.0114787  -0.0114787  -0.0114787   0.00810921  0.00810921  0.00810921
  1.74531698  1.74531698  1.74531698 -0.77328897 -0.77328897 -0.77328897
  0.32918847  0.32918847  0.32918847 -0.08388376 -0.08388376 -0.08388376
  0.12441776  0.12441776  0.12441776 -0.07600815 -0.07600815 -0.07600815
  0.0155518   0.0155518   0.0155518  -0.0114787  -0.0114787  -0.0114787
  0.00675601  0.00680399 -0.01439571]