[  1.92599404e+01   1.91070464e+01   1.90766044e+01  -6.04872036e+00
  -9.54543751e+00  -9.63463510e+00   1.81014951e+00   3.44694454e+00
   3.77259363e+00   2.83764778e+00   1.51281593e+00   1.73279060e+00
  -2.86823229e-01  -2.46504118e+00   2.57671732e+00   9.18747200e+00
  -5.91145017e+00   2.11119881e-02   5.20835567e+02   5.20835567e+02
   5.20835567e+02  -2.30854068e+02  -2.30854068e+02  -2.30854068e+02
   9.12094543e+01   9.12094541e+01   9.12094541e+01   1.93159353e+01
   1.93159353e+01   1.93159353e+01  -9.51678917e+00  -9.51678917e+00
  -9.51678917e+00   4.18220753e+00   4.18220753e+00   4.18220753e+00
   2.25550004e+00   2.25550004e+00   2.25550004e+00  -1.42543510e+00
  -1.42543510e+00  -1.42543510e+00   2.11062661e-02   2.11062661e-02
   2.11062661e-02   5.20835567e+02   5.20835567e+02   5.20835567e+02
  -2.30854068e+02  -2.30854068e+02  -2.30854068e+02   9.12094541e+01
   9.12094541e+01   9.12094541e+01   1.93159353e+01   1.93159353e+01
   1.93159353e+01  -9.51678917e+00  -9.51678917e+00  -9.51678917e+00
   4.18220753e+00   4.18220753e+00   4.18220753e+00   2.25550004e+00
   2.25550004e+00   2.25550004e+00  -1.42543510e+00  -1.42543510e+00
  -1.42543510e+00   2.11062661e-02   2.11062661e-02   2.11062661e-02
   5.20835567e+02   5.20835567e+02   5.20835567e+02  -2.30854068e+02
  -2.30854068e+02  -2.30854068e+02   9.12141167e+01   9.12152838e+01
   9.12137214e+01]