[ 9.3098906   9.47148895  8.61732101 -9.4692173  -9.40547633 -9.20512152
  4.87404633  4.89273691  5.20543766 -0.24649334 -1.44289017 -0.53642368
  0.65167333  0.65594725  0.65577948 -0.36993574 -0.36993557 -0.36993557
  0.11296502  0.11296502  0.11296502 -0.15017751 -0.15017751 -0.15017751
  0.19377446  0.19377446  0.19377446  9.38333941  9.38333941  9.38333941
 -9.30100679 -9.30100679 -9.30100679  4.94174939  4.94174939  4.94174939
 -0.48013067 -0.48013067 -0.48013067  0.65577863  0.65577863  0.65577863
 -0.36993557 -0.36993557 -0.36993557  0.11296502  0.11296502  0.11296502
 -0.15017751 -0.15017751 -0.15017751  0.19377446  0.19377446  0.19377446
  9.38333941  9.38333941  9.38333941 -9.30100679 -9.30100679 -9.30100679
  4.94174939  4.94174939  4.94174939 -0.48013067 -0.48013067 -0.48013067
  0.65577863  0.65577863  0.65577863 -0.36993557 -0.36993557 -0.36993557
  0.11296502  0.11296502  0.11296502 -0.15017751 -0.15017751 -0.15017751
  0.18436641  0.18469939  0.03723049]