[ 0.79310103  0.79178619  0.79888916  4.34273624  4.3424902   4.34525299
 -3.24146271 -3.23957062 -3.24108601  0.94818878  0.94181824  0.94402313
 -0.45267487 -0.45147324 -0.46078491  0.17028809  0.19412231  0.1860733
  6.62490534  6.62490534  6.62490534 -3.5570382  -3.5570382  -3.5570382
  1.67748236  1.67748236  1.67748236  0.79246521  0.79246521  0.79246521
  4.3426466   4.3426466   4.3426466  -3.24102736 -3.24102736 -3.24102736
  0.94542503  0.94542503  0.94542503 -0.44765472 -0.44765472 -0.44765472
  0.18607521  0.18607521  0.18607521  6.62490534  6.62490534  6.62490534
 -3.5570382  -3.5570382  -3.5570382   1.67748236  1.67748236  1.67748236
  0.79246521  0.79246521  0.79246521  4.3426466   4.3426466   4.3426466
 -3.24102736 -3.24102736 -3.24102736  0.94542503  0.94542503  0.94542503
 -0.44765472 -0.44765472 -0.44765472  0.18607521  0.18607521  0.18607521
  6.62490534  6.62490534  6.62490534 -3.5570382  -3.5570382  -3.5570382
  1.67748652  1.67748846  1.6774658 ]