[ -7.14271184e+03  -6.23858997e+03  -7.31457547e+03   3.47315650e+03
   2.88108073e+03   2.83377111e+03  -1.03115505e+03  -6.43118556e+02
  -1.89565143e+03  -1.02023598e+02  -3.45750982e+02   5.54625530e+02
  -1.58109046e+02   4.06702922e+01   3.61655802e+01  -5.71589253e+00
  -5.71615276e+00  -5.71646787e+00  -3.49716432e+03  -3.49716432e+03
  -3.49716432e+03  -6.35604160e+03  -6.35604160e+03  -6.35604160e+03
   5.17104949e+03   5.17104949e+03   5.17104949e+03  -7.21349620e+03
  -7.21349620e+03  -7.21349620e+03   2.96356501e+03   2.96356501e+03
   2.96356501e+03  -1.08822040e+03  -1.08822040e+03  -1.08822040e+03
  -7.17096933e+01  -7.17096933e+01  -7.17096933e+01   3.63296283e+01
   3.63296283e+01   3.63296283e+01  -5.71646787e+00  -5.71646787e+00
  -5.71646787e+00  -3.49716432e+03  -3.49716432e+03  -3.49716432e+03
  -6.35604160e+03  -6.35604160e+03  -6.35604160e+03   5.17104949e+03
   5.17104949e+03   5.17104949e+03  -7.21349620e+03  -7.21349620e+03
  -7.21349620e+03   2.96356501e+03   2.96356501e+03   2.96356501e+03
  -1.08822040e+03  -1.08822040e+03  -1.08822040e+03  -7.17096933e+01
  -7.17096933e+01  -7.17096933e+01   3.63296283e+01   3.63296283e+01
   3.63296283e+01  -5.71646787e+00  -5.71646787e+00  -5.71646787e+00
  -3.49716432e+03  -3.49716432e+03  -3.49716432e+03  -6.35604160e+03
  -6.35604160e+03  -6.35604160e+03   5.17104949e+03   5.17105038e+03
   5.17104913e+03]