[-0.39788573 -0.39788573 -0.39788573  0.32289478  0.32289478  0.32289478
 -0.18352744 -0.18352744 -0.18352744  0.02701762  0.02701762  0.02701762
 -0.03262733 -0.03262733 -0.03262733  0.01985435  0.01985435  0.01985435
  0.07866961  0.07866961  0.07866961 -0.12740043 -0.12740043 -0.12740043
  0.17478306  0.17478306  0.17478306 -0.39788573 -0.39788573 -0.39788573
  0.32289478  0.32289478  0.32289478 -0.18352744 -0.18352744 -0.18352744
  0.02701762  0.02701762  0.02701762 -0.03262733 -0.03262733 -0.03262733
  0.01985435  0.01985435  0.01985435  0.07866961  0.07866961  0.07866961
 -0.12740043 -0.12740043 -0.12740043  0.17478306  0.17478306  0.17478306
 -0.39788573 -0.39788573 -0.39788573  0.32289478  0.32289478  0.32289478
 -0.18352744 -0.18352744 -0.18352744  0.02701762  0.02701762  0.02701762
 -0.03262733 -0.03262733 -0.03262733  0.01985435  0.01985435  0.01985435
  0.07866961  0.07866961  0.07866961 -0.12740043 -0.12740043 -0.12740043
  0.17478306  0.17478306  0.17478306]