[ -4.18639489e+00  -4.08366629e+00  -4.06324275e+00  -2.71498832e-01
   2.07764885e+00   2.13757140e+00   7.95278275e-01  -3.04068028e-01
  -5.22842719e-01  -7.68247627e-01   1.21762355e-01  -2.60345886e-02
  -2.36774742e-01   1.22645642e+00  -2.16081178e+00  -6.03180313e+00
   4.10985654e+00   1.25208823e-01  -3.46593459e+02  -3.46593459e+02
  -3.46593459e+02   1.61435380e+02   1.61435380e+02   1.61435380e+02
  -6.70056555e+01  -6.70056554e+01  -6.70056554e+01  -4.22401035e+00
  -4.22401035e+00  -4.22401035e+00   2.05840519e+00   2.05840519e+00
   2.05840519e+00  -7.98001791e-01  -7.98001791e-01  -7.98001791e-01
  -3.77144920e-01  -3.77144920e-01  -3.77144920e-01   5.28106880e-01
   5.28106880e-01   5.28106880e-01   1.25216453e-01   1.25216453e-01
   1.25216453e-01  -3.46593459e+02  -3.46593459e+02  -3.46593459e+02
   1.61435380e+02   1.61435380e+02   1.61435380e+02  -6.70056554e+01
  -6.70056554e+01  -6.70056554e+01  -4.22401035e+00  -4.22401035e+00
  -4.22401035e+00   2.05840519e+00   2.05840519e+00   2.05840519e+00
  -7.98001791e-01  -7.98001791e-01  -7.98001791e-01  -3.77144920e-01
  -3.77144920e-01  -3.77144920e-01   5.28106880e-01   5.28106880e-01
   5.28106880e-01   1.25216453e-01   1.25216453e-01   1.25216453e-01
  -3.46593459e+02  -3.46593459e+02  -3.46593459e+02   1.61435380e+02
   1.61435380e+02   1.61435380e+02  -6.70087875e+01  -6.70095720e+01
  -6.70085225e+01]