[  2.08036201e+01   1.99149895e+01   3.15785217e+01  -9.33623123e+00
  -8.11852455e+00  -2.79430389e+00   3.85554886e+00   2.24159813e+00
   1.59441280e+00   7.42578125e+00  -5.70466614e+00   8.30721283e+00
   2.46121521e+01  -9.03646851e+00  -2.91728592e+00   2.51582170e-01
   2.51582170e-01   2.51582170e-01   6.05023842e+02   6.05023842e+02
   6.05023842e+02  -2.69366957e+02  -2.69366957e+02  -2.69366957e+02
   1.06747473e+02   1.06747473e+02   1.06747473e+02   1.91663837e+01
   1.91663837e+01   1.91663837e+01  -7.01526558e+00  -7.01526558e+00
  -7.01526558e+00   1.67223120e+00   1.67223120e+00   1.67223120e+00
   5.83998680e-01   5.83998680e-01   5.83998680e-01  -3.09236526e+00
  -3.09236526e+00  -3.09236526e+00   2.51582170e-01   2.51582170e-01
   2.51582170e-01   6.05023842e+02   6.05023842e+02   6.05023842e+02
  -2.69366957e+02  -2.69366957e+02  -2.69366957e+02   1.06747473e+02
   1.06747473e+02   1.06747473e+02   1.91663837e+01   1.91663837e+01
   1.91663837e+01  -7.01526558e+00  -7.01526558e+00  -7.01526558e+00
   1.67223120e+00   1.67223120e+00   1.67223120e+00   5.83998680e-01
   5.83998680e-01   5.83998680e-01  -3.09236526e+00  -3.09236526e+00
  -3.09236526e+00   2.51582170e-01   2.51582170e-01   2.51582170e-01
   6.05023842e+02   6.05023842e+02   6.05023842e+02  -2.69366957e+02
  -2.69366957e+02  -2.69366957e+02   1.06752476e+02   1.06747504e+02
   1.06754733e+02]