[  5.57368616e+01   5.57286103e+01   5.56824841e+01  -3.12956116e+01
  -3.12935972e+01  -3.13152419e+01   1.43795030e+01   1.43657079e+01
   1.43772783e+01   1.97716355e-01   2.49933124e-01   2.31337488e-01
  -1.02416992e-01  -1.11792564e-01  -3.40332985e-02   1.73305988e-01
  -1.53079033e-02   5.01463413e-02   7.86718394e-01   7.86718394e-01
   7.86718394e-01  -3.40483126e-01  -3.40483126e-01  -3.40483126e-01
   1.25269010e-01   1.25269010e-01   1.25269010e-01   5.57422073e+01
   5.57422073e+01   5.57422073e+01  -3.12950242e+01  -3.12950242e+01
  -3.12950242e+01   1.43767997e+01   1.43767997e+01   1.43767997e+01
   2.19931215e-01   2.19931215e-01   2.19931215e-01  -1.43270731e-01
  -1.43270731e-01  -1.43270731e-01   5.01463413e-02   5.01463413e-02
   5.01463413e-02   7.86718394e-01   7.86718394e-01   7.86718394e-01
  -3.40483126e-01  -3.40483126e-01  -3.40483126e-01   1.25269010e-01
   1.25269010e-01   1.25269010e-01   5.57422073e+01   5.57422073e+01
   5.57422073e+01  -3.12950242e+01  -3.12950242e+01  -3.12950242e+01
   1.43767997e+01   1.43767997e+01   1.43767997e+01   2.19931215e-01
   2.19931215e-01   2.19931215e-01  -1.43270731e-01  -1.43270731e-01
  -1.43270731e-01   5.01463413e-02   5.01463413e-02   5.01463413e-02
   7.86718394e-01   7.86718394e-01   7.86718394e-01  -3.40483126e-01
  -3.40483126e-01  -3.40483126e-01   1.25233808e-01   1.25218049e-01
   1.25433224e-01]