[-1.63875926 -1.66490912 -1.52668285  1.60654521  1.59622753  1.56380606
 -0.90049031 -0.90351489 -0.95411873  0.04809356  0.24169016  0.09501061
 -0.11766611 -0.11835773 -0.11833058  0.07069173  0.0706917   0.0706917
  0.02880605  0.02880605  0.02880605 -0.06331426 -0.06331426 -0.06331426
  0.10410792  0.10410792  0.10410792 -1.65064508 -1.65064508 -1.65064508
  1.57932264  1.57932264  1.57932264 -0.91144627 -0.91144627 -0.91144627
  0.08590108  0.08590108  0.08590108 -0.11833045 -0.11833045 -0.11833045
  0.0706917   0.0706917   0.0706917   0.02880605  0.02880605  0.02880605
 -0.06331426 -0.06331426 -0.06331426  0.10410792  0.10410792  0.10410792
 -1.65064508 -1.65064508 -1.65064508  1.57932264  1.57932264  1.57932264
 -0.91144627 -0.91144627 -0.91144627  0.08590108  0.08590108  0.08590108
 -0.11833045 -0.11833045 -0.11833045  0.0706917   0.0706917   0.0706917
  0.02880605  0.02880605  0.02880605 -0.06331426 -0.06331426 -0.06331426
  0.10563019  0.10557638  0.12944078]