[  1.47820060e+02   1.52804520e+02   1.44328072e+02  -6.60778446e+01
  -6.69173765e+01  -7.00502701e+01   2.59938068e+01   2.70424274e+01
   2.59704895e+01  -2.70290375e-01  -1.10248566e+00   4.90311813e+00
   1.20687103e+00   5.04917908e+00  -4.71685028e+00  -6.92703247e+00
   2.62474823e+00   1.18948936e+00   7.14314921e+02   7.14314921e+02
   7.14314921e+02  -3.22020424e+02  -3.22020424e+02  -3.22020424e+02
   1.29289400e+02   1.29289400e+02   1.29289400e+02   1.47605605e+02
   1.47605605e+02   1.47605605e+02  -6.73881736e+01  -6.73881736e+01
  -6.73881736e+01   2.73582582e+01   2.73582582e+01   2.73582582e+01
   3.14921093e+00   3.14921093e+00   3.14921093e+00  -1.94414520e+00
  -1.94414520e+00  -1.94414520e+00   1.18947792e+00   1.18947792e+00
   1.18947792e+00   7.14314921e+02   7.14314921e+02   7.14314921e+02
  -3.22020424e+02  -3.22020424e+02  -3.22020424e+02   1.29289400e+02
   1.29289400e+02   1.29289400e+02   1.47605605e+02   1.47605605e+02
   1.47605605e+02  -6.73881736e+01  -6.73881736e+01  -6.73881736e+01
   2.73582582e+01   2.73582582e+01   2.73582582e+01   3.14921093e+00
   3.14921093e+00   3.14921093e+00  -1.94414520e+00  -1.94414520e+00
  -1.94414520e+00   1.18947792e+00   1.18947792e+00   1.18947792e+00
   7.14314921e+02   7.14314921e+02   7.14314921e+02  -3.22020424e+02
  -3.22020424e+02  -3.22020424e+02   1.29277067e+02   1.29279858e+02
   1.29277292e+02]