[  7.05306183e+01   7.05810516e+01   7.08835525e+01  -4.92797055e+01
  -4.92760896e+01  -4.95417166e+01   2.51576695e+01   2.50983851e+01
   2.48654529e+01   2.39683676e-02  -1.16717685e-01   2.84892883e-01
  -1.18570733e+00   1.05636024e+00  -3.23084849e-02   2.47049256e-02
   1.96773424e-02   1.99363252e-02   3.32753174e+00   3.32753174e+00
   3.32753174e+00  -2.94510490e+00  -2.94510490e+00  -2.94510490e+00
   2.32410839e+00   2.32410839e+00   2.32410839e+00   7.04622266e+01
   7.04622266e+01   7.04622266e+01  -4.93042504e+01  -4.93042504e+01
  -4.93042504e+01   2.48526896e+01   2.48526896e+01   2.48526896e+01
  -3.63028690e-02  -3.63028690e-02  -3.63028690e-02   9.74381893e-03
   9.74381893e-03   9.74381893e-03   1.99363252e-02   1.99363252e-02
   1.99363252e-02   3.32753174e+00   3.32753174e+00   3.32753174e+00
  -2.94510490e+00  -2.94510490e+00  -2.94510490e+00   2.32410839e+00
   2.32410839e+00   2.32410839e+00   7.04622266e+01   7.04622266e+01
   7.04622266e+01  -4.93042504e+01  -4.93042504e+01  -4.93042504e+01
   2.48526896e+01   2.48526896e+01   2.48526896e+01  -3.63028690e-02
  -3.63028690e-02  -3.63028690e-02   9.74381893e-03   9.74381893e-03
   9.74381893e-03   1.99363252e-02   1.99363252e-02   1.99363252e-02
   3.32753174e+00   3.32753174e+00   3.32753174e+00  -2.94510490e+00
  -2.94510490e+00  -2.94510490e+00   2.32631703e+00   2.32503391e+00
   2.32676840e+00]