[  1.65291337e+02   1.71980011e+02   1.60576164e+02  -7.27998238e+01
  -7.39338875e+01  -7.81676102e+01   2.82780228e+01   2.96952115e+01
   2.82442589e+01  -6.09085083e-01  -1.73345947e+00   6.37510681e+00
   1.74602509e+00   6.93234253e+00  -6.25106812e+00  -9.40037537e+00
   3.49533081e+00   1.55737877e+00   9.64119102e+02   9.64119102e+02
   9.64119102e+02  -4.33644939e+02  -4.33644939e+02  -4.33644939e+02
   1.73701176e+02   1.73701176e+02   1.73701176e+02   1.65001183e+02
   1.65001183e+02   1.65001183e+02  -7.45703249e+01  -7.45703249e+01
  -7.45703249e+01   3.01220093e+01   3.01220093e+01   3.01220093e+01
   4.00736618e+00   4.00736618e+00   4.00736618e+00  -2.50780869e+00
  -2.50780869e+00  -2.50780869e+00   1.55729485e+00   1.55729485e+00
   1.55729485e+00   9.64119102e+02   9.64119102e+02   9.64119102e+02
  -4.33644939e+02  -4.33644939e+02  -4.33644939e+02   1.73701176e+02
   1.73701176e+02   1.73701176e+02   1.65001183e+02   1.65001183e+02
   1.65001183e+02  -7.45703249e+01  -7.45703249e+01  -7.45703249e+01
   3.01220093e+01   3.01220093e+01   3.01220093e+01   4.00736618e+00
   4.00736618e+00   4.00736618e+00  -2.50780869e+00  -2.50780869e+00
  -2.50780869e+00   1.55729485e+00   1.55729485e+00   1.55729485e+00
   9.64119102e+02   9.64119102e+02   9.64119102e+02  -4.33644939e+02
  -4.33644939e+02  -4.33644939e+02   1.73684528e+02   1.73688293e+02
   1.73684843e+02]