[-11.09281913 -11.10357134 -11.16629282  10.17198487  10.1712862
  10.22732065  -6.11960147  -6.10748228  -6.05847195   0.16410173
   0.1936453    0.10909333   0.13115694  -0.33851709  -0.1100624
   0.0736588    0.07471364   0.07465929   1.13057377   1.13057377
   1.13057377  -0.717625    -0.717625    -0.717625     0.36486828
   0.36486828   0.36486828 -11.07837647 -11.07837647 -11.07837647
  10.1771595   10.1771595   10.1771595   -6.05584892  -6.05584892
  -6.05584892   0.1767712    0.1767712    0.1767712   -0.11892608
  -0.11892608  -0.11892608   0.07465929   0.07465929   0.07465929
   1.13057377   1.13057377   1.13057377  -0.717625    -0.717625    -0.717625
   0.36486828   0.36486828   0.36486828 -11.07837647 -11.07837647
 -11.07837647  10.1771595   10.1771595   10.1771595   -6.05584892
  -6.05584892  -6.05584892   0.1767712    0.1767712    0.1767712
  -0.11892608  -0.11892608  -0.11892608   0.07465929   0.07465929
   0.07465929   1.13057377   1.13057377   1.13057377  -0.717625    -0.717625
  -0.717625     0.3644041    0.36467436   0.36431074]