[ -2.92363349e+01   1.17378602e+03  -1.39511442e+03   3.06044308e+03
  -2.23221508e+03   3.72805463e+03  -3.03785598e+02  -3.16335600e+03
   1.82860286e+03  -7.50866541e+03   1.68622466e+03   7.56759558e+02
  -6.80136708e+00  -5.96619630e+00  -6.04701635e+00   2.37153714e+00
   2.37151835e+00   2.37143326e+00   3.05944648e+04   3.05944648e+04
   3.05944648e+04   5.51520874e+04   5.51520874e+04   5.51520874e+04
  -4.64778417e+04  -4.64778417e+04  -4.64778417e+04   1.33689623e+02
   1.33689623e+02   1.33689623e+02  -7.91735183e+02  -7.91735183e+02
  -7.91735183e+02   2.82073057e+02   2.82073057e+02   2.82073057e+02
   8.65563892e+02   8.65563892e+02   8.65563892e+02  -6.04193866e+00
  -6.04193866e+00  -6.04193866e+00   2.37143326e+00   2.37143326e+00
   2.37143326e+00   3.05944648e+04   3.05944648e+04   3.05944648e+04
   5.51520874e+04   5.51520874e+04   5.51520874e+04  -4.64778417e+04
  -4.64778417e+04  -4.64778417e+04   1.33689623e+02   1.33689623e+02
   1.33689623e+02  -7.91735183e+02  -7.91735183e+02  -7.91735183e+02
   2.82073057e+02   2.82073057e+02   2.82073057e+02   8.65563892e+02
   8.65563892e+02   8.65563892e+02  -6.04193866e+00  -6.04193866e+00
  -6.04193866e+00   2.37143326e+00   2.37143326e+00   2.37143326e+00
   3.05944648e+04   3.05944648e+04   3.05944648e+04   5.51520874e+04
   5.51520874e+04   5.51520874e+04  -4.64778497e+04  -4.64778481e+04
  -4.64778241e+04]