[ -2.33258661e+02   3.07789648e+02  -8.47815812e+02   1.47370791e+03
  -9.07607527e+02   1.77394275e+03  -1.74401391e+02  -1.46089266e+03
   7.84942590e+02  -3.37656777e+03   7.60127035e+02   3.41969403e+02
  -3.95176360e+00  -3.57602809e+00  -3.61238827e+00   1.49623813e+00
   1.49622968e+00   1.49619140e+00   1.37701663e+04   1.37701663e+04
   1.37701663e+04   2.48384733e+04   2.48384733e+04   2.48384733e+04
  -2.08785742e+04  -2.08785742e+04  -2.08785742e+04  -1.59969364e+02
  -1.59969364e+02  -1.59969364e+02  -2.59485556e+02  -2.59485556e+02
  -2.59485556e+02   8.91733373e+01   8.91733373e+01   8.91733373e+01
   3.90919453e+02   3.90919453e+02   3.90919453e+02  -3.61010387e+00
  -3.61010387e+00  -3.61010387e+00   1.49619140e+00   1.49619140e+00
   1.49619140e+00   1.37701663e+04   1.37701663e+04   1.37701663e+04
   2.48384733e+04   2.48384733e+04   2.48384733e+04  -2.08785742e+04
  -2.08785742e+04  -2.08785742e+04  -1.59969364e+02  -1.59969364e+02
  -1.59969364e+02  -2.59485556e+02  -2.59485556e+02  -2.59485556e+02
   8.91733373e+01   8.91733373e+01   8.91733373e+01   3.90919453e+02
   3.90919453e+02   3.90919453e+02  -3.61010387e+00  -3.61010387e+00
  -3.61010387e+00   1.49619140e+00   1.49619140e+00   1.49619140e+00
   1.37701663e+04   1.37701663e+04   1.37701663e+04   2.48384733e+04
   2.48384733e+04   2.48384733e+04  -2.08785779e+04  -2.08785771e+04
  -2.08785663e+04]