[-0.97627033 -0.99231128 -0.9075228   0.92267922  0.9163518   0.89646369
 -0.49746954 -0.49932446 -0.53036392  0.02783892  0.1465919   0.05661868
 -0.06974759 -0.07017184 -0.0701552   0.04055582  0.0405558   0.0405558
 -0.03221744 -0.03221744 -0.03221744  0.02627499  0.02627499  0.02627499
 -0.00586112 -0.00586112 -0.00586112 -0.98356107 -0.98356107 -0.98356107
  0.90598213  0.90598213  0.90598213 -0.50418967 -0.50418967 -0.50418967
  0.05103068  0.05103068  0.05103068 -0.07015511 -0.07015511 -0.07015511
  0.0405558   0.0405558   0.0405558  -0.03221744 -0.03221744 -0.03221744
  0.02627499  0.02627499  0.02627499 -0.00586112 -0.00586112 -0.00586112
 -0.98356107 -0.98356107 -0.98356107  0.90598213  0.90598213  0.90598213
 -0.50418967 -0.50418967 -0.50418967  0.05103068  0.05103068  0.05103068
 -0.07015511 -0.07015511 -0.07015511  0.0405558   0.0405558   0.0405558
 -0.03221744 -0.03221744 -0.03221744  0.02627499  0.02627499  0.02627499
 -0.00492728 -0.00496043  0.00967765]