[ -5.07610600e+03  -5.23231096e+03  -4.90476646e+03   1.76450444e+03
   2.42932245e+03   1.67744609e+03  -7.68726602e+02  -4.07066735e+02
  -1.03831886e+03   9.32712389e+02  -2.30007308e+02  -1.12473833e+02
   7.97833332e+00   7.87272362e+00   7.88294354e+00  -2.98739201e+00
  -2.98738963e+00  -2.98737887e+00  -3.85345040e+03  -3.85345040e+03
  -3.85345040e+03  -6.95627074e+03  -6.95627074e+03  -6.95627074e+03
   5.82539328e+03   5.82539328e+03   5.82539328e+03  -5.09692347e+03
  -5.09692347e+03  -5.09692347e+03   2.24859947e+03   2.24859947e+03
   2.24859947e+03  -8.42755821e+02  -8.42755821e+02  -8.42755821e+02
  -1.26232447e+02  -1.26232447e+02  -1.26232447e+02   7.88230146e+00
   7.88230146e+00   7.88230146e+00  -2.98737887e+00  -2.98737887e+00
  -2.98737887e+00  -3.85345040e+03  -3.85345040e+03  -3.85345040e+03
  -6.95627074e+03  -6.95627074e+03  -6.95627074e+03   5.82539328e+03
   5.82539328e+03   5.82539328e+03  -5.09692347e+03  -5.09692347e+03
  -5.09692347e+03   2.24859947e+03   2.24859947e+03   2.24859947e+03
  -8.42755821e+02  -8.42755821e+02  -8.42755821e+02  -1.26232447e+02
  -1.26232447e+02  -1.26232447e+02   7.88230146e+00   7.88230146e+00
   7.88230146e+00  -2.98737887e+00  -2.98737887e+00  -2.98737887e+00
  -3.85345040e+03  -3.85345040e+03  -3.85345040e+03  -6.95627074e+03
  -6.95627074e+03  -6.95627074e+03   5.82539430e+03   5.82539410e+03
   5.82539107e+03]