[  3.30194099e+02   2.92633423e+02   3.55255554e+02  -2.11135250e+02
  -2.19256592e+02  -2.01361267e+02   1.04024189e+02   1.18155396e+02
   1.01118996e+02  -1.92281494e+01   3.62955322e+01  -1.79558105e+01
   3.08745117e+01  -2.26466675e+01  -1.65355682e+00   6.68778419e-02
   1.81743950e-02   1.85810477e-02   1.09018327e+01   1.09018327e+01
   1.09018327e+01  -7.74701133e+00  -7.74701133e+00  -7.74701133e+00
   4.83795416e+00   4.83795416e+00   4.83795416e+00   3.29396763e+02
   3.29396763e+02   3.29396763e+02  -2.11437211e+02  -2.11437211e+02
  -2.11437211e+02   1.01012970e+02   1.01012970e+02   1.01012970e+02
  -4.17850018e-02  -4.17850018e-02  -4.17850018e-02  -1.03882599e+00
  -1.03882599e+00  -1.03882599e+00   1.85810477e-02   1.85810477e-02
   1.85810477e-02   1.09018327e+01   1.09018327e+01   1.09018327e+01
  -7.74701133e+00  -7.74701133e+00  -7.74701133e+00   4.83795416e+00
   4.83795416e+00   4.83795416e+00   3.29396763e+02   3.29396763e+02
   3.29396763e+02  -2.11437211e+02  -2.11437211e+02  -2.11437211e+02
   1.01012970e+02   1.01012970e+02   1.01012970e+02  -4.17850018e-02
  -4.17850018e-02  -4.17850018e-02  -1.03882599e+00  -1.03882599e+00
  -1.03882599e+00   1.85810477e-02   1.85810477e-02   1.85810477e-02
   1.09018327e+01   1.09018327e+01   1.09018327e+01  -7.74701133e+00
  -7.74701133e+00  -7.74701133e+00   4.93959761e+00   4.97582293e+00
   4.87548010e+00]