[  1.08253898e+00   1.08343122e+00   1.08220219e+00  -1.72612372e-02
  -3.98571599e-02  -0.00000000e+00   5.27022296e+00   4.57560648e+00
   4.86741639e+00  -1.17024418e+01  -1.39978390e+01  -5.45875025e+00
   3.56364754e+00   4.14573462e+00   4.11323605e+00  -4.40056895e+00
  -4.40022803e+00  -4.40025180e+00   2.36700410e+00   2.36700410e+00
   2.36700410e+00  -1.08289909e+00  -1.08289909e+00  -1.08289909e+00
   4.05790931e+00   4.05786733e+00   4.05786733e+00   1.08245090e+00
   1.08245090e+00   1.08245090e+00  -6.31140036e-03  -6.31140036e-03
  -6.31140036e-03   5.37719740e+00   5.37719740e+00   5.37719740e+00
  -1.61018009e+01  -1.61018009e+01  -1.61018009e+01   4.11880701e+00
   4.11880701e+00   4.11880701e+00  -4.40025104e+00  -4.40025104e+00
  -4.40025104e+00   2.36700410e+00   2.36700410e+00   2.36700410e+00
  -1.08289909e+00  -1.08289909e+00  -1.08289909e+00   4.05786733e+00
   4.05786733e+00   4.05786733e+00   1.08245090e+00   1.08245090e+00
   1.08245090e+00  -6.31140036e-03  -6.31140036e-03  -6.31140036e-03
   5.37719740e+00   5.37719740e+00   5.37719740e+00  -1.61018009e+01
  -1.61018009e+01  -1.61018009e+01   4.11880701e+00   4.11880701e+00
   4.11880701e+00  -4.40025104e+00  -4.40025104e+00  -4.40025104e+00
   2.36700410e+00   2.36700410e+00   2.36700410e+00  -1.08289909e+00
  -1.08289909e+00  -1.08289909e+00   4.05476973e+00   4.05584751e+00
   4.07785988e+00]