[  1.00000000e+00   1.00000000e+00   1.00000000e+00   4.25329681e-11
   0.00000000e+00   5.77672426e-11   3.32055512e-01   3.32055512e-01
   3.32055512e-01   3.75123701e-01   3.75123701e-01   3.75123701e-01
   1.98598124e-01   1.98598124e-01   1.98598124e-01   2.97124580e-01
   2.97124580e-01   2.97124580e-01   3.65223253e-01   3.65223253e-01
   3.65223253e-01   1.75799025e-01   1.75799025e-01   1.75799025e-01
   2.87687986e-01   2.87687986e-01   2.87687986e-01   1.00000000e+00
   1.00000000e+00   1.00000000e+00   1.70429382e-11   1.70429382e-11
   1.70429382e-11   3.32055512e-01   3.32055512e-01   3.32055512e-01
   3.75123701e-01   3.75123701e-01   3.75123701e-01   1.98598124e-01
   1.98598124e-01   1.98598124e-01   2.97124580e-01   2.97124580e-01
   2.97124580e-01   3.65223253e-01   3.65223253e-01   3.65223253e-01
   1.75799025e-01   1.75799025e-01   1.75799025e-01   2.87687986e-01
   2.87687986e-01   2.87687986e-01   1.00000000e+00   1.00000000e+00
   1.00000000e+00   1.70429382e-11   1.70429382e-11   1.70429382e-11
   3.32055512e-01   3.32055512e-01   3.32055512e-01   3.75123701e-01
   3.75123701e-01   3.75123701e-01   1.98598124e-01   1.98598124e-01
   1.98598124e-01   2.97124580e-01   2.97124580e-01   2.97124580e-01
   3.65223253e-01   3.65223253e-01   3.65223253e-01   1.75799025e-01
   1.75799025e-01   1.75799025e-01   2.87687986e-01   2.87687986e-01
   2.87687986e-01]