[ 0.92262691  0.91889954  0.92404175 -0.23065948 -0.22488403         nan
  0.0460434   0.05465698  0.05067444 -0.01615143 -0.01365662 -0.03210449
  0.07513428  0.06181335  0.06243134 -0.03855926 -0.03856176 -0.03856158
  0.13489718  0.13489718  0.13489718 -0.10431535 -0.10431535 -0.10431535
  0.06351233  0.06351316  0.06351316  0.92299652  0.92299652  0.92299652
 -0.23356628 -0.23356628 -0.23356628  0.04495239  0.04495239  0.04495239
 -0.01196289 -0.01196289 -0.01196289  0.06232452  0.06232452  0.06232452
 -0.03856159 -0.03856159 -0.03856159  0.13489718  0.13489718  0.13489718
 -0.10431535 -0.10431535 -0.10431535  0.06351316  0.06351316  0.06351316
  0.92299652  0.92299652  0.92299652 -0.23356628 -0.23356628 -0.23356628
  0.04495239  0.04495239  0.04495239 -0.01196289 -0.01196289 -0.01196289
  0.06232452  0.06232452  0.06232452 -0.03856159 -0.03856159 -0.03856159
  0.13489718  0.13489718  0.13489718 -0.10431535 -0.10431535 -0.10431535
  0.06357479  0.06355333  0.06311824]