[[ -2.84938226e+04  -3.99504237e+03  -4.31111926e+04   6.60777805e+02
   -1.71295609e+04  -1.53320231e+03]
 [  3.64159508e+04   1.84586032e+03   4.30172957e+04   7.36400491e+03
    1.73129096e+04   6.01876973e+03]
 [  1.26241385e+04   9.65828096e+02   1.61815786e+04  -8.99487537e+02
    6.76534863e+03  -4.19519803e+02]
 [ -1.57814172e+04  -1.99644162e+01  -1.78116622e+04  -3.23550308e+02
   -7.50435929e+03   3.85366928e+02]
 [  1.19899053e+02  -1.62860472e+02   4.80783943e+02  -1.42827087e+02
    1.90290165e+02  -2.04137141e+02]
 [  1.44832718e+03   1.07725117e+02   4.83125100e+02   3.00722595e+02
    3.38750812e+02   2.93295164e+02]
 [ -2.98199374e+01   4.47893567e+01  -5.25854173e+01   8.25017208e+00
   -2.75129255e+01   2.74778166e+01]
 [ -1.76753794e+02   3.07235114e+02  -5.17256297e+01   1.17894431e+01
   -4.89974318e+01   2.34227232e+02]
 [ -1.21653589e+02   2.95238419e+03  -2.02571892e+03   4.74442424e+02
   -3.34973473e+02   3.48818980e+03]
 [ -5.62091567e+02   3.22200402e+03   1.40627607e+03   5.30376777e+02
   -9.19261910e+01   1.99684973e+03]
 [ -1.19588585e+02   2.98602738e+02   1.02177193e+03  -1.51032227e+02
    7.65669036e+01  -4.41268789e+02]
 [  5.93437327e+02  -4.19007308e+03  -7.82186827e+02  -3.06845823e+02
    1.85970330e+02  -2.75438236e+03]
 [  2.87380434e+02  -9.22969357e+02   1.50807313e+01  -6.00468939e+02
    2.84950512e+02  -7.57343313e+02]
 [ -3.22066288e+00   4.48074204e+02   2.06267792e+02   7.89357891e+01
   -1.63388424e+01   2.43000487e+02]
 [  5.57549831e+02   1.93567111e+03   9.12678038e+02   4.58878755e+02
    3.70194276e+01   1.21130245e+03]
 [  2.40317273e+02  -1.09391406e+03  -1.15293604e+03   6.15315383e+02
   -2.89022148e+02  -2.05369646e+02]]