[ 0.12432948  0.12432948  0.12432948 -0.04233853         nan -0.04233853
  0.0130045   0.0130045   0.0130045   0.02018259  0.02018259  0.02018259
 -0.00923858 -0.00923858 -0.00923858  0.00718263  0.00718263  0.00718263
  0.0185325   0.0185325   0.0185325  -0.01303846 -0.01303846 -0.01303846
  0.00560985  0.00560985  0.00560985  0.12432948  0.12432948  0.12432948
 -0.04233853 -0.04233853 -0.04233853  0.0130045   0.0130045   0.0130045
  0.02018259  0.02018259  0.02018259 -0.00923858 -0.00923858 -0.00923858
  0.00718263  0.00718263  0.00718263  0.0185325   0.0185325   0.0185325
 -0.01303846 -0.01303846 -0.01303846  0.00560985  0.00560985  0.00560985
  0.12432948  0.12432948  0.12432948 -0.04233853 -0.04233853 -0.04233853
  0.0130045   0.0130045   0.0130045   0.02018259  0.02018259  0.02018259
 -0.00923858 -0.00923858 -0.00923858  0.00718263  0.00718263  0.00718263
  0.0185325   0.0185325   0.0185325  -0.01303846 -0.01303846 -0.01303846
  0.00560985  0.00560985  0.00560985]