[  1.00000000e+00   1.00000000e+00   1.00000000e+00   4.13490185e-11
   0.00000000e+00   5.60131724e-11   4.31557815e-01   4.31557815e-01
   4.31557815e-01   3.70626082e-01   3.70626082e-01   3.70626082e-01
   2.55223131e-01   2.55223131e-01   2.55223131e-01   3.57757756e-01
   3.57757756e-01   3.57757756e-01   3.59084897e-01   3.59084897e-01
   3.59084897e-01   2.61308307e-01   2.61308307e-01   2.61308307e-01
   3.52585840e-01   3.52585840e-01   3.52585840e-01   1.00000000e+00
   1.00000000e+00   1.00000000e+00   1.65865330e-11   1.65865330e-11
   1.65865330e-11   4.31557815e-01   4.31557815e-01   4.31557815e-01
   3.70626082e-01   3.70626082e-01   3.70626082e-01   2.55223131e-01
   2.55223131e-01   2.55223131e-01   3.57757756e-01   3.57757756e-01
   3.57757756e-01   3.59084897e-01   3.59084897e-01   3.59084897e-01
   2.61308307e-01   2.61308307e-01   2.61308307e-01   3.52585840e-01
   3.52585840e-01   3.52585840e-01   1.00000000e+00   1.00000000e+00
   1.00000000e+00   1.65865330e-11   1.65865330e-11   1.65865330e-11
   4.31557815e-01   4.31557815e-01   4.31557815e-01   3.70626082e-01
   3.70626082e-01   3.70626082e-01   2.55223131e-01   2.55223131e-01
   2.55223131e-01   3.57757756e-01   3.57757756e-01   3.57757756e-01
   3.59084897e-01   3.59084897e-01   3.59084897e-01   2.61308307e-01
   2.61308307e-01   2.61308307e-01   3.52585840e-01   3.52585840e-01
   3.52585840e-01]