[ 0.99877959  0.99556445  1.          0.00398147  0.00896324  0.
  0.24265896  0.25008884  0.24665359  0.18901115  0.19116312  0.1752504
  0.26775208  0.25626176  0.25679482  0.16968267  0.16968052  0.16968067
  0.31930218  0.31930218  0.31930218  0.11296299  0.11296299  0.11296299
  0.25772726  0.25772798  0.25772798  0.99909841  0.99909841  0.99909841
  0.00147413  0.00147413  0.00147413  0.24171789  0.24171789  0.24171789
  0.19262408  0.19262408  0.19262408  0.25670269  0.25670269  0.25670269
  0.16968066  0.16968066  0.16968066  0.31930218  0.31930218  0.31930218
  0.11296299  0.11296299  0.11296299  0.25772798  0.25772798  0.25772798
  0.99909841  0.99909841  0.99909841  0.00147413  0.00147413  0.00147413
  0.24171789  0.24171789  0.24171789  0.19262408  0.19262408  0.19262408
  0.25670269  0.25670269  0.25670269  0.16968066  0.16968066  0.16968066
  0.31930218  0.31930218  0.31930218  0.11296299  0.11296299  0.11296299
  0.25778114  0.25776263  0.25738732]