[ 1.          0.99324715  0.13475463  0.02504916  0.01731352  0.00931172
  0.29750075  0.44730875  0.39490966  0.23769008  0.2545335   0.24987314
  0.25752879  0.25837088  0.2584739   0.25342493  0.2534232   0.25342309
  0.27966186  0.27966186  0.27966186  0.21722844  0.21722844  0.21722844
  0.3033407   0.3033407   0.3033407   0.97622034  0.97622034  0.97622034
  0.          0.          0.          0.32408528  0.32408528  0.32408528
  0.25000554  0.25000554  0.25000554  0.25848511  0.25848511  0.25848511
  0.25342309  0.25342309  0.25342309  0.27966186  0.27966186  0.27966186
  0.21722844  0.21722844  0.21722844  0.3033407   0.3033407   0.3033407
  0.97622034  0.97622034  0.97622034  0.          0.          0.
  0.32408528  0.32408528  0.32408528  0.25000554  0.25000554  0.25000554
  0.25848511  0.25848511  0.25848511  0.25342309  0.25342309  0.25342309
  0.27966186  0.27966186  0.27966186  0.21722844  0.21722844  0.21722844
  0.30156363  0.30237846  0.30177013]