[[  1.31253880e+04   6.67604223e+03  -1.27720108e+05   2.90536804e+04
   -3.88258155e+04   2.91259237e+04]
 [  7.05433320e+03  -3.96345973e+02   2.53169817e+04  -5.96468701e+02
    7.95605783e+03  -2.70949645e+03]
 [  2.36286521e+03  -5.06447686e+02   2.06391496e+04  -4.77451551e+03
    6.92123358e+03  -4.52063362e+03]
 [ -1.45856372e+03  -7.72742209e+01  -4.73364836e+03   8.29222175e+02
   -1.61831192e+03   8.78111191e+02]
 [  8.68267087e+02  -1.33314096e+04   4.43016926e+02  -1.38922577e+04
    1.20359987e+03  -2.20582901e+04]
 [  8.76836498e+03   1.44807863e+03   4.20429520e+03   1.57477890e+03
    2.52006437e+03   2.37825290e+03]
 [ -1.45742822e+02   7.07521364e+02   2.93826249e+01   4.95410564e+02
   -6.90184963e+01   9.12735639e+02]
 [  1.93071487e+02   3.12113821e+03  -7.26628324e+02   4.96257929e+03
   -3.75645518e+02   6.98184192e+03]
 [ -8.17994324e+03   2.16873981e+04  -1.45419024e+04   5.78683940e+03
   -4.07257570e+03   2.70193455e+04]
 [ -1.52255638e+03   5.48561984e+03   7.59698587e+02   1.83735440e+03
   -3.97817721e+02   5.13540152e+03]
 [  6.83497508e+02  -1.45857127e+03   1.98856267e+03  -5.31194133e+02
    4.14260050e+02  -2.43865311e+03]
 [  1.29542886e+03  -3.80517027e+03   8.34509231e+02  -9.91294435e+02
    4.90395985e+02  -3.89659826e+03]
 [ -1.26227875e+04  -9.01401621e+03  -2.93577413e+03  -4.63026022e+02
   -8.96597695e+02  -2.53326400e+03]
 [  3.94236606e+03   1.63205048e+03   1.39179295e+03  -4.40513174e+02
    7.40598608e+02   6.52122486e+01]
 [  2.62722228e+04   1.63159653e+04   1.72515768e+04  -1.71151038e+03
    6.49277047e+03   4.17248861e+03]
 [ -6.25319578e+03  -3.21408613e+03  -4.45409396e+03   1.49990462e+03
   -1.90630671e+03   4.41113157e+01]]