(array([ -7.73919542e-01,  -1.39570801e+00,   5.24001749e+00,
         1.13747875e+01,   4.11890006e+00,  -6.07844754e+00,
        -1.10460389e+01,  -4.73713234e+00,  -1.18000553e+00,
         6.03953042e+00,   7.26330768e+00,  -4.88180673e-01,
         2.25290990e+00,   1.05510391e+00,   5.61318940e+00,
         1.06836661e+01,   1.23390494e+00,   1.38415425e+01,
        -3.31750271e+00,   1.05444141e+00,   6.01272077e+00,
         7.03579002e+00,   2.51971399e+00,   1.25259349e+01,
        -7.93660489e+00,   4.29267600e+00,  -5.97472373e+00,
         2.91232581e+00,  -1.11174701e+01,  -6.00860829e+00,
        -2.08587141e-01,  -1.93939125e+00,  -5.36895019e-01,
        -7.56680187e+00,   7.86495353e+00,   5.96517026e+00,
        -3.54085352e+00,   5.43376544e+00,  -5.57447444e+00,
        -3.93509494e+00,   2.60608930e+00,  -4.75558582e+00,
         2.70482143e+00,   2.10198024e+00,  -2.28754682e+00,
        -1.17074322e+00,  -2.56614846e+00,  -8.01667798e+00,
        -1.32036664e+01,  -1.73698205e+00,   4.22316897e+00,
        -2.73477927e-01,  -2.22568092e+00,  -3.19447028e+00,
         5.14488799e+00,  -4.54584426e+00,  -3.44605333e+00,
         3.23820221e+00,  -6.88064030e+00,   7.01081379e+00,
        -1.41392626e+00,  -1.61786760e+00,   4.86435026e+00,
        -1.40470544e+00,  -6.56839639e+00,   1.11322287e+01,
        -2.25007720e+00,  -2.21567675e+00,  -4.84689524e-01,
        -8.31077015e+00,   5.44385926e+00,  -9.45012865e-01,
         3.17411125e+00,   1.72199151e+00,  -7.44316962e+00,
        -2.14934902e+00,   8.46994816e+00,  -3.61653903e+00,
         3.35827669e+00,  -1.61113962e+00,   7.33027043e-01,
         6.81382314e+00,   2.12731102e+00,   7.25680339e-01,
        -5.35114299e+00,  -3.26091416e-01,  -1.24410733e-02,
        -3.14065910e-02,   1.47710335e+00,   4.49814677e+00,
         2.88674532e+00,   3.03513018e+00,  -3.73914165e+00,
        -6.55058961e+00,  -2.38529112e+00,   1.82631369e+00,
        -4.61310903e+00,  -5.16989221e+00,  -3.01215948e+00,
         1.39115304e+01,   4.99444257e+00,  -2.27173988e+00,
        -5.97809366e+00,  -4.86379790e-01,   9.50258801e+00,
        -6.66704674e-01,   7.45902004e-01,  -8.29389804e-01,
        -1.82010123e+00,   2.35484615e+00,  -1.48074303e+01,
        -2.84535552e+00,   8.30536088e+00,   5.82863553e+00,
         1.93679871e+00,  -6.14056740e+00,   4.69010930e+00,
        -8.41209292e-01,   1.49285256e+00,   5.17870640e+00,
        -1.54528632e+00,  -4.52235945e+00,   3.91643624e+00,
         2.19630866e+00,  -5.61189492e+00,  -3.81680618e+00,
         5.61676703e-01,   5.62105578e+00,   3.59312439e+00,
        -2.62515827e+00,  -5.11411530e+00,   2.74448018e+00,
         4.91141800e+00,   2.45305502e+00,  -1.38681021e+00,
         4.65157387e+00,  -4.57277966e+00,  -7.30198108e+00,
         1.13366957e+00,  -2.81917831e+00,   8.26807269e-01,
         1.78138125e+00,  -6.68456143e+00,   5.09756188e+00,
         5.49252804e+00,  -5.04030299e+00,  -8.24186405e-01,
        -2.96250603e+00,   7.78551574e+00,   7.59192164e-01,
        -9.83402542e-01,  -1.06609924e-01,  -2.92099144e+00,
        -6.18449516e+00,  -5.25724179e+00,  -3.51575022e+00,
         3.79526060e+00,   4.76496835e+00,  -5.16719460e+00,
         2.31879401e-02,   3.15255210e-01,  -3.67023066e+00,
        -1.71512844e+00,  -1.56434319e+00,   3.31022729e-01,
         9.53522809e+00,   9.01898027e+00,   7.90439758e-01,
        -5.01581460e+00,  -3.47600398e+00,  -3.86128621e+00,
         7.59682097e+00,  -7.60043065e+00,  -8.62463490e-01,
        -2.92682378e-01,   3.11368114e+00,  -8.17065249e-01,
         8.10407352e+00,  -7.71058963e+00,  -1.27348320e+00,
        -8.00847333e+00,  -3.72884384e+00,  -2.15767088e+00,
         3.87410604e-01,   1.45684646e+00,   8.72470518e-01,
         1.09331181e+01,  -1.72142804e+00,  -7.97449787e+00,
         2.36473423e+00,   6.00424002e+00,  -1.04409432e+00,
        -1.24494484e+00,   4.52881157e+00,   5.45478487e+00,
        -4.33565095e-01,   4.03875116e+00,   2.12182501e+00,
        -3.76023666e+00,   3.92477416e+00,  -8.54237321e+00,
        -2.31063548e+00,  -1.12451767e+01,   3.02942729e+00,
         1.43004002e+00,   6.74091561e+00,  -1.00198322e+00,
        -7.20904225e+00,  -4.12674421e+00,   1.92713077e+00,
        -5.23712905e+00,   5.02923076e+00,  -5.63717378e+00,
        -2.27470151e+00,  -1.46431787e+00,   3.14809127e+00,
         2.16335678e+00,  -4.32477376e+00,   6.17059357e+00,
         1.32399641e+01,   7.70607448e+00,  -2.97347021e+00,
         6.64453045e+00,  -6.30857816e+00,   6.79815090e+00,
         2.90836936e+00,  -1.09043253e+01,   7.06916147e+00,
         5.67640019e+00,  -6.12762532e+00,   2.89586991e+00,
         1.25478181e+01,  -2.61597629e+00,   6.90001167e+00,
         4.34700564e+00,   2.95367670e+00,  -1.28398038e+01,
         7.49110393e+00,  -9.13038939e-01,  -3.41732000e+00,
         5.74106008e+00,   2.20723395e-01,   2.17659038e+00,
         5.62947956e+00,   6.47500798e+00,   4.93174211e+00,
        -4.92128912e+00,   5.78685811e+00,   3.87908737e-01,
         6.92300609e-01,  -4.49583602e+00,   2.25618971e+00,
         2.44035108e+00,  -4.29531189e+00,   1.15033174e+00,
         3.20600828e+00,  -1.55751770e+01,  -3.30482829e+00,
        -1.69507719e+01,   2.97228875e+00,  -3.88499540e+00,
         6.28924191e+00,  -1.17661062e+00,   1.29741555e+00,
        -8.30352970e+00,   1.03142453e+01,   1.27204779e+01,
         2.49200956e+00,  -6.47761088e+00,   7.47242570e+00,
         3.25232769e+00,  -7.19660456e-03,  -1.38478061e+00,
        -6.81603173e+00,   1.30188831e+00,  -6.60148425e+00,
         1.47228528e+00,  -9.03735944e-01,   2.22939010e+00,
         2.29417700e+00,   3.23281081e+00,   5.90022118e+00,
         1.09691068e+01,  -3.92638877e+00,   9.68261503e+00,
         7.56647593e-01,  -4.08624154e+00,  -8.93062478e+00,
         8.79544629e+00,   5.24161346e+00,  -7.90158220e+00,
         4.87995980e+00,  -9.83971550e+00,  -5.08928210e+00,
        -1.00734862e+01,   7.61937391e+00,   1.22840032e+00,
         2.64392266e+00,  -6.20040546e+00,  -5.25218678e-01,
        -1.20204722e+00,   4.92098622e+00,   4.37011154e+00,
        -8.40985127e-01,  -8.66039599e+00,   5.55506219e+00,
         2.77015606e+00,  -7.42073826e+00,  -5.54349684e+00,
         3.35790136e+00,  -1.71180344e+00,   3.90998247e+00,
         1.69437221e+00,   9.72891800e+00,  -7.09015149e+00,
        -5.77798995e-01,  -8.01964836e-01,  -3.30387760e+00,
         6.94325812e+00,  -1.43688344e+00,  -2.81597971e+00,
        -9.21323876e+00,   5.44611598e+00,   5.51618800e+00,
         1.41799572e-01,  -3.45790607e+00,  -8.95594937e+00,
        -7.32461647e+00,   1.01315924e+00,  -1.26790120e+00,
         4.05745455e+00,  -5.95784742e+00,  -6.73530211e+00,
         1.11125617e+01,  -5.80096805e+00,   7.64133396e+00,
        -3.74583336e+00,  -1.14887469e+01,  -6.81507771e+00,
         9.15182955e+00,   4.19768029e+00,   8.53339866e+00,
         7.14935747e+00,  -1.05691744e+01,  -6.17172048e-01,
        -8.78087370e+00,  -5.83525314e+00,   4.25352653e+00,
         7.59975083e+00,  -6.14407512e+00,  -1.30153303e+01,
         2.91802777e+00,   3.57661809e-01,   2.30590963e+00,
        -3.80098576e-01,   2.42660399e+00,   7.27063931e+00,
        -6.28387019e+00,  -8.95365571e+00,  -1.70252301e+00,
         1.15396578e+00,   2.67478176e+00,  -2.96559428e+00,
        -8.40487490e-01,   8.88823693e+00,  -7.14977242e+00,
         2.50492446e+00,   2.23793844e+00,  -9.58317903e+00,
        -2.02366364e+00,   1.41664433e+00,  -6.74820336e+00,
         1.74918159e+00,   1.44640047e+00,   1.77533218e+00,
        -3.74960673e-01,  -4.89952492e+00,   6.55960427e+00,
         8.22073173e-01,  -3.16331040e+00,   4.25118113e+00,
        -1.17358493e+00,  -1.21966378e+00,  -8.07895817e+00,
         2.15856843e+00,  -1.18890815e+01,  -6.77656749e+00,
        -1.92259759e+00,  -8.33540926e+00,   9.64501461e+00,
         4.78176273e+00,  -5.23583859e+00,  -8.53320992e+00,
        -1.01888636e+01,   5.76025616e+00,   6.04067457e-01,
         7.44338931e-01,   3.45317439e+00,  -8.11014726e+00,
        -3.33211562e+00,   3.26909222e+00,   7.29801182e+00,
        -5.69713225e+00,  -6.43492475e+00,  -4.57244714e+00,
        -3.01686051e+00,   4.19745758e+00,  -5.39783940e+00,
        -3.43594505e+00,  -2.25218664e+00,   5.57483959e+00,
         3.31974636e+00,   6.84664894e+00,   2.60096089e-01,
        -1.38679243e+00,  -1.02409623e+00,   4.46648714e+00,
         4.92979473e+00,  -4.93700925e+00,  -4.57557784e+00,
        -1.01367933e+01,   5.72821945e+00,  -1.75243988e+00,
        -4.09318840e+00,   5.72906773e+00,  -2.08037309e+00,
         4.66567759e+00,   3.42332310e+00,  -1.54835971e+00,
        -3.42245180e+00,  -3.76805434e+00,  -3.50874940e+00,
         3.23491781e+00,  -8.11307314e+00,  -4.39667300e+00,
         5.51978192e+00,   6.15187513e-01,   8.07406497e-01,
         5.73745688e+00,   7.66983836e+00,  -3.29642812e+00,
        -3.81224533e+00,   2.50723611e+00,   4.20891759e+00,
         7.40600349e-01,   6.21561525e+00,  -9.44073589e+00,
        -1.84585484e+00,  -4.85880579e-02,  -1.60322128e+00,
         5.00813714e+00,  -8.50715345e-01,   3.49994630e+00,
         4.37112252e+00,  -3.47955265e+00,  -1.93047969e+00,
         3.84626984e+00,  -2.76826932e+00,   1.38920123e+00,
         3.22726897e+00,   3.85447323e-01,  -1.03269479e+01,
         1.89071020e+00,   7.15385379e-01,   1.88911766e+00,
         1.68804989e+00,  -9.26542099e-01,   1.02876443e+01,
         6.17665346e+00,   1.72628520e+00,  -2.91446654e+00,
        -7.13049308e+00,   9.65461264e+00,  -3.35006291e+00,
         5.11013739e-01,  -1.12409111e+00,  -4.47199601e-01,
        -2.11964214e+00,   6.25921260e-01,   5.11873879e+00,
        -7.74153044e+00,   1.35736515e+00,   5.71398195e+00,
        -4.69971128e+00,   6.34041541e+00,   1.97761696e+00]), -1352.8682948826622, 3604, 5001, 50, array([  4.64693643e+00,   1.71777202e+00,   6.07038065e+00,
         1.51960887e+01,   7.55568734e+00,  -3.36799446e+00,
        -8.25883778e+00,  -1.73903389e+00,   3.65238722e+00,
         5.35312988e+00,   8.89070910e+00,   4.55885349e+00,
         3.05843536e+00,  -3.45993685e+00,   8.49102408e-01,
         5.19399553e+00,  -1.95558995e+00,   7.30566468e+00,
         3.50105756e-01,  -8.08483333e+00,  -2.24189975e-01,
         5.08247594e+00,   6.64546125e+00,   5.03883172e+00,
        -4.27896988e+00,   9.97655187e-01,  -6.24793833e-01,
         1.00733497e+01,  -7.38001486e+00,  -1.17149777e+01,
         3.51829882e+00,   3.94861099e-01,  -3.20700648e+00,
        -7.95993213e-01,   5.68936170e+00,   1.25250967e+01,
         5.45288607e-01,  -9.30360228e-01,  -1.03892595e+00,
        -5.75658108e-03,  -8.81181425e-01,  -4.63908623e+00,
         7.53314751e+00,   5.93196637e+00,  -2.03897187e+00,
        -3.90039966e+00,   1.88162675e+00,  -5.61546906e+00,
        -6.92314049e+00,  -1.11270069e+00,   2.76609742e+00,
        -1.83260195e-01,  -3.85074210e+00,  -9.31642169e-01,
         5.12381215e+00,   6.77138049e-01,   2.22011886e+00,
         5.02760608e+00,  -7.49517241e+00,   1.03949075e+01,
        -4.56656003e+00,  -3.73943688e+00,   5.46797660e+00,
        -4.97133029e+00,  -4.71207407e+00,   1.46505286e-01,
         4.10781662e+00,  -2.37611723e+00,  -3.82484453e+00,
        -3.62081331e+00,   3.84939244e+00,  -6.18199161e+00,
         1.72641950e+00,  -4.80001900e-01,   2.66110291e+00,
        -2.62100367e-01,   4.79435636e+00,  -9.59632739e-01,
        -4.48764503e+00,   1.27630055e+00,   5.57714067e+00,
         3.49934557e+00,   2.81109359e-01,   7.77772074e+00,
        -3.74953488e+00,  -1.67602054e+00,   2.06182804e+00,
        -3.77609083e+00,   7.42909150e-01,   3.46596183e+00,
         9.01394644e-01,   4.66753207e+00,   3.42872130e-01,
        -2.45767427e+00,   1.35699677e+00,   8.11614793e+00,
        -4.09760492e+00,  -6.39479036e+00,  -1.43170257e+00,
         1.05310821e+01,   4.27265674e+00,  -1.55925877e+00,
         1.87082069e+00,  -6.11086665e+00,   3.71483151e+00,
         1.04461737e+00,  -1.93089805e+00,   4.07635808e+00,
        -5.77723164e+00,   3.99806121e+00,  -1.38986145e+01,
         3.90342249e+00,  -5.08424288e+00,  -1.72647550e+00,
         1.01367375e+01,  -4.09567077e+00,   3.57262473e+00,
         1.90451255e+00,  -1.54955881e+00,   7.08916485e+00,
         2.45816614e-01,  -2.92453145e+00,   7.26327424e-01,
         8.76893292e-01,  -3.17915835e+00,  -2.95878892e+00,
        -7.25973285e-01,   4.01017050e-01,  -3.36881378e+00,
        -1.34878237e+00,   5.62120960e-01,   1.07980924e+01,
        -6.93669499e-01,   3.98205375e+00,  -3.87574279e-01,
         2.44561710e-01,  -3.59390891e-01,  -2.21693310e+00,
         5.66188470e+00,  -4.70266824e+00,  -2.99075783e+00,
        -2.70012441e+00,  -7.60464671e+00,   5.86447044e+00,
         2.13815620e+00,  -9.58069681e+00,  -5.17967384e+00,
        -3.85924394e+00,   4.06823053e+00,  -3.14066612e+00,
        -2.64173153e+00,   4.21896607e+00,  -1.11232344e+00,
        -1.61993754e+00,   2.94284792e+00,  -1.21656992e+00,
         3.13041440e+00,   5.75352773e+00,  -2.77756191e+00,
        -2.46291795e+00,  -3.38288940e+00,  -1.09625079e+01,
        -3.58367570e+00,  -3.70894919e+00,   9.16905899e-01,
         7.36227796e+00,  -4.01115010e+00,  -2.55523228e+00,
        -3.34980690e+00,  -3.55739846e+00,  -2.70844184e+00,
         9.15973253e+00,  -9.57524595e+00,  -4.77890228e-02,
        -2.48765461e+00,   5.89416769e+00,  -6.50095161e+00,
         5.82463386e+00,  -3.64606959e+00,   5.25873444e+00,
        -4.97155268e+00,  -6.20775920e+00,  -4.77379773e+00,
        -2.33144250e+00,   7.17087560e-01,   3.33532506e+00,
         1.19423706e+01,  -1.88261099e+00,  -2.50245160e+00,
        -1.42245345e-01,   7.43868943e-01,   8.45902582e+00,
        -1.37289763e+00,   9.37635299e+00,   2.04519381e+00,
        -2.04671597e+00,  -3.11412920e+00,   1.65947814e+00,
        -4.42641516e+00,   3.67522356e+00,  -5.12269245e+00,
        -2.56548554e+00,  -1.03978595e+01,   6.95095229e-01,
         3.29144271e+00,   9.22964122e+00,  -5.41818264e+00,
        -1.32230375e+01,  -3.30003707e+00,  -3.17029956e+00,
        -6.72479810e+00,   5.75472649e+00,  -8.09522143e+00,
        -2.61897384e+00,  -1.57628743e+00,   8.86680465e+00,
         5.24610019e-01,  -6.87406347e+00,   3.48952931e+00,
         1.35570157e+01,   3.26951462e+00,  -3.31250695e+00,
         9.41464978e+00,  -1.29543855e+01,   7.29361659e+00,
         6.55476598e+00,  -5.49580640e+00,   3.41831617e+00,
         4.87800725e+00,  -1.24374118e+01,   1.47485044e+00,
         1.22720152e+01,   4.79953329e+00,   7.86267872e+00,
         9.83101441e-01,   1.48902168e+00,  -7.42665933e+00,
         7.14076059e+00,   5.39506613e+00,  -4.10383924e+00,
         6.75147292e+00,   8.52207694e-01,  -4.33861344e-01,
         1.01863157e+01,   3.80948344e+00,   8.59717816e+00,
         5.77784015e+00,   9.54706637e-01,  -2.29192930e+00,
         7.88425538e-01,  -2.15984137e+00,   4.87375430e+00,
         6.01126085e+00,  -1.20368302e-01,   8.72881919e-01,
         5.51486975e+00,  -5.15229411e+00,   4.20904168e-01,
        -1.89755964e+01,   8.00693429e+00,  -2.39323521e+00,
         8.18213038e+00,   9.18473428e-01,   2.94793857e+00,
        -4.70121972e+00,   1.07211385e+01,   7.87540888e+00,
         5.05054880e+00,  -5.63475240e+00,   2.39919566e+00,
         6.24323848e+00,  -6.63328971e-02,   5.13853237e+00,
        -9.06351706e+00,  -3.42604383e-02,  -5.11125732e+00,
        -1.87209220e+00,  -1.07774784e+00,   7.15853687e+00,
         1.53493689e+00,   1.36854992e+00,   4.69947249e+00,
         3.62604139e+00,   4.13840985e+00,   2.21453755e+00,
        -1.89475867e+00,  -3.68584543e+00,  -4.11486499e+00,
         9.90505373e+00,   4.72185115e+00,   4.02200329e+00,
         1.85052091e+00,  -3.05835988e+00,  -5.56389712e+00,
        -1.83541753e+00,   2.57047751e+00,   2.28288187e+00,
        -8.31601167e-01,  -6.42252338e+00,  -1.43798399e+00,
        -9.48680464e-01,   1.91023004e+00,   6.22976846e-01,
        -2.90871647e+00,  -3.08049203e+00,   2.31405552e+00,
        -1.21844345e+00,   1.13020046e+00,   7.05629807e-02,
         3.59687307e-01,  -5.16377822e+00,   8.03003771e+00,
        -2.04355264e+00,   7.80811223e+00,  -1.65214973e+00,
         2.77013360e+00,  -2.57227636e+00,  -5.46580986e-01,
         7.95971064e+00,  -7.54496621e+00,  -7.02004870e+00,
        -1.19161193e+01,   4.67634532e+00,   1.80940432e+00,
        -1.41947836e+00,  -1.92640405e+00,  -5.68127269e+00,
        -3.39975879e+00,   3.64257076e-01,  -4.17455104e+00,
         7.31575104e+00,  -9.58079358e+00,  -6.67651159e+00,
         8.68537568e+00,  -4.89885038e+00,   2.35369148e+00,
        -3.57447081e+00,   1.70071837e+00,  -8.70519331e+00,
         6.66613275e+00,  -2.61679856e+00,   4.72123801e+00,
         9.37518651e+00,  -7.99339885e+00,   2.38513911e+00,
        -5.66360494e+00,  -3.44866352e+00,   3.00327940e+00,
         8.37292879e+00,  -3.45128135e+00,  -1.40365599e+01,
        -9.89371937e-01,  -4.59962426e+00,   5.87816414e+00,
         4.33838434e+00,   2.43314601e+00,   1.35119057e+01,
        -3.04401827e+00,  -6.56459147e+00,   1.06421328e+00,
        -1.36703620e-01,   5.12616592e+00,  -8.22627544e+00,
         3.84028661e-01,   3.18583828e+00,  -6.57715570e+00,
         1.57091183e+00,   7.91258416e+00,  -3.89943139e+00,
        -1.90904841e-01,   3.04881496e+00,  -2.84660778e+00,
         2.30391000e+00,   9.26410775e-01,   2.20157505e+00,
         9.98564070e-01,  -8.91520819e+00,   5.32789269e+00,
         2.53839341e+00,  -4.37230042e+00,   1.80794688e+00,
        -5.74448788e+00,  -2.78955388e+00,  -5.86422628e+00,
        -2.54453790e+00,  -5.74989649e-01,  -7.17520597e+00,
        -2.56943946e+00,  -2.19902463e+00,   2.22375367e+00,
         5.96637583e+00,  -1.80361904e+00,  -4.60152548e+00,
        -1.01657500e+01,   2.24939666e+00,   3.37084382e+00,
        -6.42005769e-02,  -3.20720889e-01,  -4.47784167e+00,
         4.44979769e-01,   2.30815432e+00,   1.90120204e+00,
        -4.89839072e+00,   1.57449957e+00,  -7.17012834e+00,
        -5.02383130e-01,   2.73195580e-01,  -1.82788044e+00,
         3.44652779e-01,  -4.72358069e-01,   2.93956117e+00,
        -4.20654831e+00,   6.31164249e+00,  -9.00168805e-01,
        -1.72181780e+00,   7.89519157e-01,   5.16281971e+00,
         3.90009704e+00,  -1.21242903e+00,  -2.84537338e+00,
        -4.96239457e+00,   2.10285330e+00,   7.30577233e-01,
         3.43228346e+00,   3.34745936e+00,  -6.02782247e-01,
         3.78979311e-01,   6.07705672e+00,  -3.30359552e+00,
         3.40662357e-01,  -3.99651737e+00,   1.77671602e-01,
         1.31424269e+00,  -1.10673339e+01,  -3.25685770e+00,
         6.79168708e+00,  -3.85725705e-01,   8.76989077e+00,
         1.86000816e+00,  -6.20532691e-01,  -2.35615891e+00,
        -2.40643187e+00,  -1.98648937e+00,   7.07446822e+00,
         2.66079284e+00,   1.19359944e+01,  -1.06978103e+01,
        -6.68369813e+00,   5.70351497e+00,   2.33874600e+00,
         5.95841015e-01,  -2.09681198e+00,  -1.72074419e+00,
         3.35999851e+00,  -6.98263086e+00,   1.42896849e-02,
         4.96709579e+00,   2.15392892e+00,   1.28678561e-01,
        -2.14264229e+00,  -1.40663179e+00,  -7.12307152e+00,
        -3.15448175e+00,  -9.34602031e-02,   2.05006577e+00,
         1.30801798e+00,  -4.90786260e+00,   4.14426487e+00,
         5.00994338e+00,   3.54501288e-01,  -1.89068763e+00,
        -9.79016405e+00,   9.12573186e+00,   1.14419631e-02,
         3.52041673e+00,   4.00517596e+00,   1.77234305e+00,
        -4.61459572e+00,   1.49650517e+00,   7.22749835e+00,
        -4.80697497e+00,  -1.74215101e+00,  -5.39388960e-01,
        -5.38287677e-01,   4.27130495e+00,   1.04307666e+00]), array([ 3.44424211,  3.45008348,  3.44354888,  3.44474504,  3.44735808,
        3.44536482,  3.45222087,  3.45117492,  3.44627875,  3.4474208 ,
        3.44547142,  3.4482036 ,  3.44268171,  3.4453069 ,  3.45330823,
        3.4411016 ,  3.44289825,  3.44603886,  3.4506541 ,  3.44813619,
        3.4463747 ,  3.44592358,  3.44488212,  3.45100634,  3.44666765,
        3.44973651,  3.44586929,  3.4422454 ,  3.4494294 ,  3.44625685,
        3.44961754,  3.44607732,  3.44555025,  3.44944694,  3.43995813,
        3.4490615 ,  3.44663709,  3.44809457,  3.45137566,  3.45055612,
        3.45383054,  3.44808414,  3.44610877,  3.44675331,  3.44542253,
        3.44479871,  3.44392735,  3.44615945,  3.44415425,  3.44293643,
        3.44414212,  3.4418955 ,  3.44131608,  3.44714085,  3.44925359,
        3.44821281,  3.44848068,  3.44954723,  3.44395093,  3.44510314,
        3.44572171,  3.44795049,  3.44552665,  3.4430675 ,  3.44527648,
        3.44715138,  3.44309522,  3.44192344,  3.44232555,  3.44821171,
        3.44885213,  3.445642  ,  3.44095404,  3.44738413,  3.44211827,
        3.4451768 ,  3.44487722,  3.44120116,  3.45277447,  3.4471393 ,
        3.44716566,  3.44658538,  3.44475958,  3.45034265,  3.44693185,
        3.44782358,  3.44786743,  3.44740734,  3.44939507,  3.44759478,
        3.44939998,  3.44729425,  3.44572222,  3.4448257 ,  3.4455644 ,
        3.44769827,  3.44542924,  3.44926121,  3.44237205,  3.44438314,
        3.44535898,  3.45070639,  3.44968902,  3.44445153,  3.44684207,
        3.44923909,  3.44290724,  3.44654351,  3.45042273,  3.4486798 ,
        3.45155692,  3.44626579,  3.4449512 ,  3.44131912,  3.44847932,
        3.44833276,  3.44273681,  3.45184451,  3.44244557,  3.4486253 ,
        3.44812173,  3.44673422,  3.44547733,  3.44920366,  3.45446171,
        3.44413965,  3.45282095,  3.45211906,  3.44815765,  3.44875369,
        3.44492315,  3.45217474,  3.44611415,  3.44732723,  3.44737312,
        3.44671341,  3.44079934,  3.443138  ,  3.44604514,  3.44736035,
        3.44645122,  3.4460924 ,  3.44974757,  3.44501755,  3.44754496,
        3.44957773,  3.44365532,  3.44619962,  3.44611204,  3.44338527,
        3.44614924,  3.44122462,  3.44826779,  3.45218388,  3.45022169,
        3.44674332,  3.44861214,  3.44388566,  3.4453245 ,  3.44622793,
        3.44739617,  3.44777003,  3.45126711,  3.4531711 ,  3.4393361 ,
        3.44073117,  3.44764276,  3.44887611,  3.44544844,  3.44756784,
        3.4421245 ,  3.44678716,  3.44797416,  3.44474533,  3.44321489,
        3.4451093 ,  3.44988865,  3.44900166,  3.44406611,  3.4442383 ,
        3.44384534,  3.44393999,  3.44763918,  3.4456949 ,  3.43964705,
        3.4483098 ,  3.44203682,  3.44173939,  3.44122901,  3.43474275,
        3.44515447,  3.44510026,  3.44360041,  3.44916565,  3.45303671,
        3.44061189,  3.44539052,  3.44644102,  3.44725659,  3.44405018,
        3.45573486,  3.44851153,  3.44287203,  3.44168186,  3.44587174,
        3.44078009,  3.44686407,  3.44765049,  3.44905628,  3.44729028,
        3.45138612,  3.4454023 ,  3.44505222,  3.44526297,  3.44150101,
        3.45130388,  3.44900554,  3.44137826,  3.45381346,  3.44813257,
        3.44348791,  3.44787257,  3.45050411,  3.44529287,  3.44789014,
        3.44632939,  3.44703572,  3.44543295,  3.44638525,  3.44418394,
        3.44636058,  3.45193805,  3.45047691,  3.45062563,  3.44861684,
        3.44937426,  3.44493247,  3.44794663,  3.45064202,  3.44347039,
        3.4443236 ,  3.43778366,  3.4471772 ,  3.43988703,  3.44727811,
        3.4490158 ,  3.44565273,  3.43995838,  3.44284149,  3.43906862,
        3.44161091,  3.44299801,  3.4447574 ,  3.44493028,  3.44088345,
        3.44926719,  3.45099746,  3.45003638,  3.45080589,  3.44440192,
        3.44670172,  3.44447992,  3.44873358,  3.4535239 ,  3.44960086,
        3.44546194,  3.44425577,  3.44594306,  3.45028845,  3.44713071,
        3.4498305 ,  3.44582895,  3.44892967,  3.44743358,  3.44808987,
        3.45006933,  3.44430686,  3.45313102,  3.45128773,  3.44300745,
        3.44912748,  3.44591709,  3.44457344,  3.43970778,  3.44857833,
        3.45171844,  3.44721991,  3.44668596,  3.44530558,  3.44745947,
        3.44984609,  3.44844973,  3.45088136,  3.44424802,  3.44298577,
        3.44745686,  3.44363886,  3.44631642,  3.44549272,  3.44488613,
        3.45052923,  3.44835938,  3.45324196,  3.43746368,  3.4481575 ,
        3.44037005,  3.44074339,  3.44713195,  3.44255226,  3.44792364,
        3.44810381,  3.44398519,  3.44730083,  3.44450057,  3.44771903,
        3.44621445,  3.44279273,  3.44880992,  3.44520564,  3.44931334,
        3.44167641,  3.4477407 ,  3.45139776,  3.44732267,  3.44202336,
        3.44282976,  3.45087324,  3.45055472,  3.44377283,  3.44398146,
        3.45066547,  3.44472574,  3.44152446,  3.44492871,  3.44633113,
        3.44506986,  3.45030837,  3.44618547,  3.45377948,  3.44606579,
        3.44984147,  3.4441875 ,  3.45274163,  3.44422242,  3.44376939,
        3.44388981,  3.44754747,  3.44430607,  3.43772064,  3.44196908,
        3.44116448,  3.44470228,  3.44643733,  3.44257651,  3.44612384,
        3.44989424,  3.44523343,  3.44982277,  3.44412537,  3.44779374,
        3.45009821,  3.44221272,  3.45414511,  3.44484341,  3.4493367 ,
        3.43991059,  3.45087838,  3.44304386,  3.44852571,  3.44864695,
        3.44637108,  3.4487327 ,  3.43776337,  3.44592924,  3.44601385,
        3.4482091 ,  3.44552552,  3.44939804,  3.44775092,  3.44712111,
        3.44058394,  3.44415549,  3.44647529,  3.45019686,  3.4441112 ,
        3.44697421,  3.4465366 ,  3.44690445,  3.44332713,  3.44975794,
        3.44930991,  3.44908534,  3.44601541,  3.4451623 ,  3.44206516,
        3.44713708,  3.44299028,  3.44955322,  3.44296238,  3.4454729 ,
        3.44926226,  3.44947962,  3.44652238,  3.44462028,  3.45242263,
        3.44824227,  3.44597564,  3.44575792,  3.44990131,  3.44481716,
        3.45075872,  3.44973407,  3.4466118 ,  3.44656152,  3.44715056,
        3.44226415,  3.44828135,  3.45064274,  3.45006343,  3.44710658,
        3.44881528,  3.44446865,  3.44441032,  3.44761827,  3.44729625,
        3.44506271,  3.44254386,  3.44777162,  3.44607275,  3.44519936,
        3.44203427,  3.44787778,  3.45176608,  3.44227382,  3.4507839 ,
        3.44245069,  3.44061296,  3.4477649 ,  3.44491092,  3.44534887,
        3.44135945,  3.4489389 ,  3.44246264,  3.44626753,  3.44755181,
        3.4495119 ,  3.44736392,  3.44526361,  3.44833809,  3.44290968,
        3.44719452,  3.45123656,  3.443523  ,  3.44484103,  3.44357   ,
        3.4448114 ,  3.4424473 ,  3.45053755,  3.44683691,  3.44780722,
        3.44969326,  3.4437171 ,  3.44792426,  3.44223407,  3.44471776,
        3.44450473,  3.44559487,  3.44968122,  3.44252866,  3.44611296,
        3.44538565,  3.44667112,  3.44623362,  3.44247751,  3.44676602,
        3.44465198,  3.4432811 ,  3.44979288,  3.4428813 ,  3.44408245,
        3.44639065,  3.45168213,  3.44978366,  3.45200508,  3.44682958,
        3.44955864]), {'maxiter': 50}, <cma.CMAEvolutionStrategy object at 0x7f8d8fc6c2e8>, <cma.CMADataLogger object at 0x7f8d8fc6c588>)