[ -7.73919542e-01  -1.39570801e+00   5.24001749e+00   1.13747875e+01
   4.11890006e+00  -6.07844754e+00  -1.10460389e+01  -4.73713234e+00
  -1.18000553e+00   6.03953042e+00   7.26330768e+00  -4.88180673e-01
   2.25290990e+00   1.05510391e+00   5.61318940e+00   1.06836661e+01
   1.23390494e+00   1.38415425e+01  -3.31750271e+00   1.05444141e+00
   6.01272077e+00   7.03579002e+00   2.51971399e+00   1.25259349e+01
  -7.93660489e+00   4.29267600e+00  -5.97472373e+00   2.91232581e+00
  -1.11174701e+01  -6.00860829e+00  -2.08587141e-01  -1.93939125e+00
  -5.36895019e-01  -7.56680187e+00   7.86495353e+00   5.96517026e+00
  -3.54085352e+00   5.43376544e+00  -5.57447444e+00  -3.93509494e+00
   2.60608930e+00  -4.75558582e+00   2.70482143e+00   2.10198024e+00
  -2.28754682e+00  -1.17074322e+00  -2.56614846e+00  -8.01667798e+00
  -1.32036664e+01  -1.73698205e+00   4.22316897e+00  -2.73477927e-01
  -2.22568092e+00  -3.19447028e+00   5.14488799e+00  -4.54584426e+00
  -3.44605333e+00   3.23820221e+00  -6.88064030e+00   7.01081379e+00
  -1.41392626e+00  -1.61786760e+00   4.86435026e+00  -1.40470544e+00
  -6.56839639e+00   1.11322287e+01  -2.25007720e+00  -2.21567675e+00
  -4.84689524e-01  -8.31077015e+00   5.44385926e+00  -9.45012865e-01
   3.17411125e+00   1.72199151e+00  -7.44316962e+00  -2.14934902e+00
   8.46994816e+00  -3.61653903e+00   3.35827669e+00  -1.61113962e+00
   7.33027043e-01   6.81382314e+00   2.12731102e+00   7.25680339e-01
  -5.35114299e+00  -3.26091416e-01  -1.24410733e-02  -3.14065910e-02
   1.47710335e+00   4.49814677e+00   2.88674532e+00   3.03513018e+00
  -3.73914165e+00  -6.55058961e+00  -2.38529112e+00   1.82631369e+00
  -4.61310903e+00  -5.16989221e+00  -3.01215948e+00   1.39115304e+01
   4.99444257e+00  -2.27173988e+00  -5.97809366e+00  -4.86379790e-01
   9.50258801e+00  -6.66704674e-01   7.45902004e-01  -8.29389804e-01
  -1.82010123e+00   2.35484615e+00  -1.48074303e+01  -2.84535552e+00
   8.30536088e+00   5.82863553e+00   1.93679871e+00  -6.14056740e+00
   4.69010930e+00  -8.41209292e-01   1.49285256e+00   5.17870640e+00
  -1.54528632e+00  -4.52235945e+00   3.91643624e+00   2.19630866e+00
  -5.61189492e+00  -3.81680618e+00   5.61676703e-01   5.62105578e+00
   3.59312439e+00  -2.62515827e+00  -5.11411530e+00   2.74448018e+00
   4.91141800e+00   2.45305502e+00  -1.38681021e+00   4.65157387e+00
  -4.57277966e+00  -7.30198108e+00   1.13366957e+00  -2.81917831e+00
   8.26807269e-01   1.78138125e+00  -6.68456143e+00   5.09756188e+00
   5.49252804e+00  -5.04030299e+00  -8.24186405e-01  -2.96250603e+00
   7.78551574e+00   7.59192164e-01  -9.83402542e-01  -1.06609924e-01
  -2.92099144e+00  -6.18449516e+00  -5.25724179e+00  -3.51575022e+00
   3.79526060e+00   4.76496835e+00  -5.16719460e+00   2.31879401e-02
   3.15255210e-01  -3.67023066e+00  -1.71512844e+00  -1.56434319e+00
   3.31022729e-01   9.53522809e+00   9.01898027e+00   7.90439758e-01
  -5.01581460e+00  -3.47600398e+00  -3.86128621e+00   7.59682097e+00
  -7.60043065e+00  -8.62463490e-01  -2.92682378e-01   3.11368114e+00
  -8.17065249e-01   8.10407352e+00  -7.71058963e+00  -1.27348320e+00
  -8.00847333e+00  -3.72884384e+00  -2.15767088e+00   3.87410604e-01
   1.45684646e+00   8.72470518e-01   1.09331181e+01  -1.72142804e+00
  -7.97449787e+00   2.36473423e+00   6.00424002e+00  -1.04409432e+00
  -1.24494484e+00   4.52881157e+00   5.45478487e+00  -4.33565095e-01
   4.03875116e+00   2.12182501e+00  -3.76023666e+00   3.92477416e+00
  -8.54237321e+00  -2.31063548e+00  -1.12451767e+01   3.02942729e+00
   1.43004002e+00   6.74091561e+00  -1.00198322e+00  -7.20904225e+00
  -4.12674421e+00   1.92713077e+00  -5.23712905e+00   5.02923076e+00
  -5.63717378e+00  -2.27470151e+00  -1.46431787e+00   3.14809127e+00
   2.16335678e+00  -4.32477376e+00   6.17059357e+00   1.32399641e+01
   7.70607448e+00  -2.97347021e+00   6.64453045e+00  -6.30857816e+00
   6.79815090e+00   2.90836936e+00  -1.09043253e+01   7.06916147e+00
   5.67640019e+00  -6.12762532e+00   2.89586991e+00   1.25478181e+01
  -2.61597629e+00   6.90001167e+00   4.34700564e+00   2.95367670e+00
  -1.28398038e+01   7.49110393e+00  -9.13038939e-01  -3.41732000e+00
   5.74106008e+00   2.20723395e-01   2.17659038e+00   5.62947956e+00
   6.47500798e+00   4.93174211e+00  -4.92128912e+00   5.78685811e+00
   3.87908737e-01   6.92300609e-01  -4.49583602e+00   2.25618971e+00
   2.44035108e+00  -4.29531189e+00   1.15033174e+00   3.20600828e+00
  -1.55751770e+01  -3.30482829e+00  -1.69507719e+01   2.97228875e+00
  -3.88499540e+00   6.28924191e+00  -1.17661062e+00   1.29741555e+00
  -8.30352970e+00   1.03142453e+01   1.27204779e+01   2.49200956e+00
  -6.47761088e+00   7.47242570e+00   3.25232769e+00  -7.19660456e-03
  -1.38478061e+00  -6.81603173e+00   1.30188831e+00  -6.60148425e+00
   1.47228528e+00  -9.03735944e-01   2.22939010e+00   2.29417700e+00
   3.23281081e+00   5.90022118e+00   1.09691068e+01  -3.92638877e+00
   9.68261503e+00   7.56647593e-01  -4.08624154e+00  -8.93062478e+00
   8.79544629e+00   5.24161346e+00  -7.90158220e+00   4.87995980e+00
  -9.83971550e+00  -5.08928210e+00  -1.00734862e+01   7.61937391e+00
   1.22840032e+00   2.64392266e+00  -6.20040546e+00  -5.25218678e-01
  -1.20204722e+00   4.92098622e+00   4.37011154e+00  -8.40985127e-01
  -8.66039599e+00   5.55506219e+00   2.77015606e+00  -7.42073826e+00
  -5.54349684e+00   3.35790136e+00  -1.71180344e+00   3.90998247e+00
   1.69437221e+00   9.72891800e+00  -7.09015149e+00  -5.77798995e-01
  -8.01964836e-01  -3.30387760e+00   6.94325812e+00  -1.43688344e+00
  -2.81597971e+00  -9.21323876e+00   5.44611598e+00   5.51618800e+00
   1.41799572e-01  -3.45790607e+00  -8.95594937e+00  -7.32461647e+00
   1.01315924e+00  -1.26790120e+00   4.05745455e+00  -5.95784742e+00
  -6.73530211e+00   1.11125617e+01  -5.80096805e+00   7.64133396e+00
  -3.74583336e+00  -1.14887469e+01  -6.81507771e+00   9.15182955e+00
   4.19768029e+00   8.53339866e+00   7.14935747e+00  -1.05691744e+01
  -6.17172048e-01  -8.78087370e+00  -5.83525314e+00   4.25352653e+00
   7.59975083e+00  -6.14407512e+00  -1.30153303e+01   2.91802777e+00
   3.57661809e-01   2.30590963e+00  -3.80098576e-01   2.42660399e+00
   7.27063931e+00  -6.28387019e+00  -8.95365571e+00  -1.70252301e+00
   1.15396578e+00   2.67478176e+00  -2.96559428e+00  -8.40487490e-01
   8.88823693e+00  -7.14977242e+00   2.50492446e+00   2.23793844e+00
  -9.58317903e+00  -2.02366364e+00   1.41664433e+00  -6.74820336e+00
   1.74918159e+00   1.44640047e+00   1.77533218e+00  -3.74960673e-01
  -4.89952492e+00   6.55960427e+00   8.22073173e-01  -3.16331040e+00
   4.25118113e+00  -1.17358493e+00  -1.21966378e+00  -8.07895817e+00
   2.15856843e+00  -1.18890815e+01  -6.77656749e+00  -1.92259759e+00
  -8.33540926e+00   9.64501461e+00   4.78176273e+00  -5.23583859e+00
  -8.53320992e+00  -1.01888636e+01   5.76025616e+00   6.04067457e-01
   7.44338931e-01   3.45317439e+00  -8.11014726e+00  -3.33211562e+00
   3.26909222e+00   7.29801182e+00  -5.69713225e+00  -6.43492475e+00
  -4.57244714e+00  -3.01686051e+00   4.19745758e+00  -5.39783940e+00
  -3.43594505e+00  -2.25218664e+00   5.57483959e+00   3.31974636e+00
   6.84664894e+00   2.60096089e-01  -1.38679243e+00  -1.02409623e+00
   4.46648714e+00   4.92979473e+00  -4.93700925e+00  -4.57557784e+00
  -1.01367933e+01   5.72821945e+00  -1.75243988e+00  -4.09318840e+00
   5.72906773e+00  -2.08037309e+00   4.66567759e+00   3.42332310e+00
  -1.54835971e+00  -3.42245180e+00  -3.76805434e+00  -3.50874940e+00
   3.23491781e+00  -8.11307314e+00  -4.39667300e+00   5.51978192e+00
   6.15187513e-01   8.07406497e-01   5.73745688e+00   7.66983836e+00
  -3.29642812e+00  -3.81224533e+00   2.50723611e+00   4.20891759e+00
   7.40600349e-01   6.21561525e+00  -9.44073589e+00  -1.84585484e+00
  -4.85880579e-02  -1.60322128e+00   5.00813714e+00  -8.50715345e-01
   3.49994630e+00   4.37112252e+00  -3.47955265e+00  -1.93047969e+00
   3.84626984e+00  -2.76826932e+00   1.38920123e+00   3.22726897e+00
   3.85447323e-01  -1.03269479e+01   1.89071020e+00   7.15385379e-01
   1.88911766e+00   1.68804989e+00  -9.26542099e-01   1.02876443e+01
   6.17665346e+00   1.72628520e+00  -2.91446654e+00  -7.13049308e+00
   9.65461264e+00  -3.35006291e+00   5.11013739e-01  -1.12409111e+00
  -4.47199601e-01  -2.11964214e+00   6.25921260e-01   5.11873879e+00
  -7.74153044e+00   1.35736515e+00   5.71398195e+00  -4.69971128e+00
   6.34041541e+00   1.97761696e+00]